"","iNeuron","eNeuron","Olig","microglia","endo_mural","astrocytes"
"0",0.0110583344298661,0.00566702924085084,4.28593359446319e-05,0.000198611824898208,0.737215439747975,0.245817725420466
"1",0.0784145376933981,0.0551960169396337,0.00484867736173915,0.0123620410363297,0.403646760148914,0.445531966819986
"2",0.0330986605886201,0.0377001509128151,0.00228201488844437,0.0499580001722336,0.172762348978033,0.704198824459854
"3",0.100274291505057,0.0916256150206191,0.00191738885094347,0.148073053346278,0.099152950566273,0.558956700710829
"7",0.0494036551778478,0.48588099660334,0.0296575681468934,0.0896310589368109,0.269272594705079,0.0761541264300285
"8",0.10101885962922,0.290926111504658,0.0162748228033196,0.0782613956476806,0.265614411378736,0.247904399036386
"9",0.0729453689267516,0.406087969595595,0.0668061574497594,0.0892498506502407,0.188985087534545,0.175925565843109
"10",0.117900022922405,0.449528253873648,0.036659377807157,0.0940698512483447,0.127500248001498,0.174342246146947
"14",0.064678456203304,0.559438251968216,0.0274122751603768,0.117236096896075,0.116867392758091,0.114367527013938
"15",0.0607706578324999,0.516203794094511,0.0253838495562521,0.085306449184702,0.16765801437411,0.144677234957925
"16",0.04015387566729,0.579655471264727,0.033192355297488,0.103682907721367,0.122966242945847,0.120349147103281
"17",0.0488688675174737,0.514260175671282,0.0233784204442446,0.0884538052146783,0.192324893357032,0.132713837795289
"21",0.0296009042202968,0.561814118663874,0.028260561094737,0.107271116068868,0.12093822692636,0.152115073025865
"22",0.0381335575089391,0.61837487131414,0.0277059080997008,0.0932522789051058,0.133106605564676,0.0894267786074381
"23",0.0528671228442049,0.573152147987026,0.0263675214948626,0.129396404816761,0.108338075923816,0.109878726933329
"24",0.0282242547428437,0.679894826272474,0.0371895473043648,0.0587465323320259,0.112939369206457,0.0830054701418341
"28",0.0300140799457701,0.477331284908756,0.0328554455762542,0.0751313926694088,0.0970113904856096,0.287656406414201
"29",0.0423551972307903,0.523338757397654,0.0306600604010161,0.0897964097163298,0.154967454306434,0.158882120947776
"30",0.0359619401186369,0.564947030222949,0.0403205679671179,0.0604382985869419,0.177821973775764,0.120510189328591
"31",0.0268152924290819,0.411832317384677,0.0111782289955216,0.0211559283744494,0.418146207834813,0.110872024981457
"35",0.0427683044481706,0.551017751212887,0.0266275725858089,0.0528121418286771,0.232951427392387,0.0938228025320688
"36",0.0273349797299918,0.623765504971003,0.0305018221817748,0.050978866556567,0.125433266009856,0.141985560550807
"37",0.0215676935434936,0.671529023219267,0.0227005634317323,0.0690601286185326,0.0749422932268825,0.140200297960091
"38",0.0161881016171601,0.469093539704855,0.00857165911741067,0.0221661436813639,0.0297227522675001,0.45425780361171
"42",0.042203631934797,0.559266771300898,0.0161120622784095,0.0599442922848047,0.0904000798822541,0.232073162318837
"43",0.0313988919142232,0.573780492099175,0.0296905924315746,0.05346295583011,0.10774817250968,0.203918895215238
"44",0.0265862960119827,0.591421997139608,0.0250911184227476,0.0422634859656813,0.111674017288647,0.202963085171333
"45",0.0274563911058084,0.578820967172405,0.0129733933752709,0.030112080530448,0.145802178981441,0.204834988834626
"49",0.104667891408017,0.606750794266888,0.027056498645514,0.0686913204085477,0.0729756656049287,0.119857829666104
"50",0.105532577948528,0.502221422740657,0.0459359314636596,0.100093449834336,0.133167324534397,0.113049293478422
"51",0.0865379130013211,0.481032814681629,0.0525953267021793,0.0406302875283027,0.216065346609451,0.123138311477116
"52",0.115409657221038,0.625493988267439,0.0248102858047355,0.0214294868718906,0.0408403471477604,0.172016234687136
"56",0.0422393616078765,0.596115507923153,0.0271909449191649,0.0523845160840612,0.128995895768725,0.153073773697019
"57",0.073815612712727,0.623142720400755,0.0471447198138214,0.0558819652541994,0.0792729818046873,0.120742000013809
"58",0.0664474625638375,0.537709591360898,0.0202106743998678,0.0374893755824798,0.0553509773234321,0.282791918769485
"59",0.121451559460117,0.636204022566887,0.0301196288284128,0.0398356215274063,0.0454819088126873,0.12690725880449
"63",0.0274868022240488,0.666687146104938,0.0272512874358332,0.0634096840650705,0.123345052818519,0.0918200273515912
"64",0.0473439940737627,0.656747458599291,0.0231091780681399,0.0493867760009633,0.0711582879190608,0.152254305338783
"65",0.0366566952915341,0.650766605045468,0.0244567440459885,0.0329876526837163,0.0837259006803034,0.17140640225299
"66",0.110262728866852,0.698320133520958,0.0211308806045605,0.0391334093653957,0.0345897665400537,0.0965630811021805
"70",0.0347844645811344,0.623211871068852,0.127675161507123,0.0543953618798815,0.0692467790354584,0.0906863619275511
"71",0.0427423348284756,0.445826272561065,0.0186627399925068,0.0295852256009846,0.337956077695821,0.125227349321147
"72",0.0304855264707388,0.553368042151651,0.0742387336719788,0.0359342398380236,0.0657432708947318,0.240230186972876
"73",0.25158911567084,0.36128431014678,0.0409963158047999,0.0605699386078717,0.0991634217235727,0.186396898046136
"77",0.068705790148651,0.616709504419766,0.0278826975925835,0.0592800158817514,0.138338129698028,0.08908386225922
"78",0.052034074851508,0.533923220123212,0.0211838731185821,0.0727856333341128,0.217625908837986,0.102447289734599
"79",0.0499610772699927,0.721323055448384,0.033695001981529,0.0723520648786971,0.079403734644827,0.0432650657765703
"80",0.0186021830818358,0.637012467755781,0.0229439343966425,0.0468688168632961,0.0660611751915358,0.208511422710909
"81",0.0430987142007762,0.585816107656701,0.0509111980974142,0.0446305592201845,0.1907566764061,0.0847867444188241
"82",0.0357803250517956,0.74091237957417,0.0208156658349902,0.0604724833032018,0.0512558142379688,0.0907633319978739
"83",0.0390774571083555,0.578097023976084,0.0341431238068904,0.0414735897746699,0.0303484894087799,0.276860315925221
"84",0.040048118009502,0.551244270355791,0.0631989918686167,0.0606131767817491,0.0654298170500463,0.219465625934295
"85",0.0818122400843571,0.504183155327578,0.030624197762986,0.0481257549943087,0.138699555089186,0.196555096741584
"86",0.0276224587245693,0.639679376390954,0.0654213490593123,0.0625528446867268,0.101211523055817,0.103512448082621
"87",0.0286708583893431,0.537667841699085,0.039883802504461,0.0693272448021518,0.126896632507187,0.197553620097772
"88",0.0964807721355751,0.541652610604997,0.0319607015136354,0.0565211663366503,0.114304374985256,0.159080374423886
"89",0.0789207644169156,0.53538187405501,0.173092222929901,0.0583830090058731,0.0960642144533619,0.0581579151389377
"90",0.0364954665499286,0.6976880070758,0.0259934032415911,0.045889238281771,0.0778972052926912,0.116036679558218
"91",0.0274412619955299,0.454810038828687,0.373123363325716,0.0146021577337514,0.038586648564174,0.0914365295521418
"92",0.0567616974270786,0.600933258477028,0.0468944394592253,0.0724393572127979,0.144735788753046,0.0782354586708241
"93",0.0287924846774486,0.496122515539408,0.022493958663792,0.0589235237081425,0.07116852405642,0.322498993354789
"94",0.0437680786462971,0.512774843794017,0.0704827389152138,0.0546095211297239,0.152317050883656,0.166047766631093
"95",0.0331338339898163,0.557651328460586,0.0969770414048522,0.0540484126765552,0.0717751960736567,0.186414187394534
"96",0.0348221899419999,0.535426603781125,0.0250154427982138,0.075929931862757,0.1912464000403,0.137559431575604
"97",0.031641264898853,0.598656611900503,0.0183803997259334,0.0358819245667139,0.0370999500138287,0.278339848894168
"101",0.0300440950274226,0.311040310984663,0.0548250670724729,0.0414351969820012,0.346894920604719,0.215760409328721
"102",0.0578426544258823,0.425677009769785,0.200950003213421,0.0397776336296754,0.0976682166771854,0.178084482284051
"103",0.0389147424011406,0.404105511058607,0.233334451906119,0.0231370602370453,0.0781155515061594,0.222392682890929
"104",0.00159631421760269,0.00195393708135332,0.00497619274067318,0.000343410779341632,0.0943301494969255,0.896799995684104
"109",0.0263101768517034,0.0600395034964172,0.385180978999206,0.00303231510737617,0.0632544184448478,0.462182607100449
"110",0.0448369198027663,0.138159875288361,0.726092387244587,0.0282068960443433,0.0350506002427153,0.0276533213772279
