"","33 Vascular","05 OB-IMN GABA","32 OEC","34 Immune","03 OB-CR Glut","30 Astro-Epen","31 OPC-Oligo","14 HY Glut","29 CB Glut","10 LSX GABA","09 CNU-LGE GABA","01 IT-ET Glut","13 CNU-HYa Glut","06 CTX-CGE GABA","19 MB Glut","02 NP-CT-L6b Glut","15 HY Gnrh1 Glut","24 MY Glut","12 HY GABA","23 P Glut"
"0",0.0447897489643159,0.00053877875782007,0.769430626707534,0.106729493481281,0.000570460062812689,0.0252397602119786,3.20915092549366e-05,6.85584496254577e-06,0.000790243635166256,0.00351348278436318,0.0190421225235866,0.000847714068014416,0.0101795715852986,7.35164462692533e-06,0.0105422363339,0.00317766609118166,1.26632881309357e-06,6.25980905286123e-05,0.00420458495231195,0.000293346422248305
"1",0.289139522227116,0.0490204897117165,0.163702390209568,0.00299111082079795,1.74429949605003e-09,4.67045315642449e-05,0.00305243239666455,1.80354915611935e-15,1.11284134077202e-11,0.18851567811824,0.298722204294096,4.12883441946692e-08,1.84739620727555e-08,0.000455319501209152,1.07374975405548e-09,0.00433950324797315,5.12742430154914e-07,8.48869743633844e-12,1.40544408882685e-05,1.51577617820828e-08
"2",0.675657377363336,0.0251724591228637,0.188146792076657,0.0292903131404603,0.000195527625892207,0.000410564520870211,0.00904780253229947,2.81219207829921e-08,1.96138351770733e-05,0.00301010154973916,0.00605964566222542,9.99732579683209e-05,0.000121993235321294,0.00378040219587881,0.0281354530964304,0.0265884157551774,0.00063089931611474,5.09834332933704e-06,0.00357411752051411,5.34217278238617e-05
"3",0.000910893368374819,1.64089564182487e-05,0.153098418269625,2.78369537765394e-06,0.423389637012792,3.88581765756595e-07,0.0034438125734728,0.000947314715789835,5.32589422492637e-06,0.0805653348106799,0.000462622590398356,0.0137696612625224,0.000279102300297465,0.0175351451626794,1.01715788570238e-05,0.00516961634979269,7.12571495313744e-07,8.05731303157102e-05,0.30020465872914,0.000107418445981014
"4",0.37455245213173,0.135918660479852,0.0609024505008073,0.00188270942097838,0.000114015220449652,0.0931131209822147,0.0357507299225773,5.27517782939118e-06,4.34643195773334e-05,0.0571078498582822,0.214706323936017,0.000265053518777111,0.000725799803977598,0.00703343816551165,7.74901216078252e-05,0.01368450459074,3.20771411620708e-05,5.73625937445269e-05,0.00180333913501519,0.00222388297914856
"5",0.339566510388256,0.0811381889449403,0.206751480807779,0.0404332649975108,6.95536228473005e-05,0.0241476229128103,0.00372824057459515,4.17016404683854e-10,2.60103039419256e-06,0.081690029460775,0.182237327154382,0.00304906613871277,7.11149986234508e-05,0.0113016610781839,0.000232543901927181,0.0181224611767227,4.0046700413356e-06,9.40527360308038e-07,1.36007146832428e-05,0.00743978648243919
"6",0.426144602702037,0.0474834278412313,0.201421629135681,0.0122127170299212,2.60703835196105e-06,0.000265762892981672,0.000447331143024392,1.59108437068008e-11,7.98602541741212e-07,0.07750933983163,0.231067496086798,1.18410092017391e-08,1.56318827282899e-06,6.1350898766078e-05,5.96632983848891e-06,7.22214510553735e-06,0.00113950398997017,1.09091447720232e-08,1.483980676204e-07,0.00222850997971603
"7",0.0334231642231222,0.00151463884134336,0.755797595088075,0.000586919209748759,0.000443270576072773,1.41204701405485e-06,0.124592289126937,1.5497337742908e-26,0.00347929465186248,3.92276601414043e-06,0.0179078787525053,1.02350637748147e-06,0.0003494174120104,0.00606026535612403,0.0544194622403304,0.000354380538486746,1.9475065707764e-08,7.94410222934345e-05,0.000255068134767062,0.000730537031849772
"25",0.671097336529647,0.0533131467216725,0.0926491743927665,0.0700906559172155,2.03221020363083e-08,0.00300344263291524,0.00134908296984462,5.43987728535485e-07,2.29496005309415e-11,0.000598891640797264,0.0808689622946926,4.08012592804105e-07,1.03090831940816e-06,0.0128301253205755,0.011222810374884,0.00296791495503529,4.9828195388831e-06,3.31123168683978e-16,9.65915469892681e-07,5.04261252823198e-07
"26",0.808207021525223,1.87574719976112e-08,0.0965934395988519,0.0609299594578955,1.12223658227808e-06,4.83615394680997e-09,8.2066464972108e-08,0.00754654647147236,3.0524473412852e-09,2.6049768128219e-10,3.40527047337365e-06,7.03486352238456e-08,0.000437815307969282,5.62539581357325e-05,0.0262222691708233,1.94473528479197e-06,4.29084948494969e-08,8.72042561541866e-14,3.3824778911724e-25,3.70356289388868e-11
"27",0.439321636832223,0.00429891755583951,0.0441955124375982,0.0135747952419642,7.08776753925364e-05,0.33979322015819,0.0011077954280468,6.2084317204516e-07,2.20566418917614e-08,0.103554161642096,0.020488665778747,0.00104974962620247,0.00275773028720157,0.00310927185377413,5.09938138581582e-05,0.0265816067683976,1.28161420681846e-06,4.96825414632386e-07,7.85604674702524e-09,4.26357049860624e-05
"29",5.60372719438909e-06,0.150857966233177,3.03590820181855e-06,2.08109191348298e-06,2.47408724322185e-06,3.96670965336974e-05,0.000176199435658642,6.98915861410369e-10,1.12826602560331e-09,0.0701826422109583,0.768182427992684,1.22653669150337e-06,8.05371909900859e-07,0.0104088459519657,4.31917633274095e-10,2.47625728115093e-06,9.45834978391873e-06,1.43477543767587e-08,0.000124466528031925,6.06613917527026e-07
"30",0.36014190660506,0.00787575937009211,0.000828275924980861,0.0019462511085476,0.000192478091158796,0.236654598442244,0.0148742781879028,5.34430746277605e-10,0.0170636049330679,0.0418345613813099,0.292256028430162,0.000767589823899712,0.000967545348366437,5.16830001463412e-06,1.64279077150987e-08,0.0109098777619366,3.54681025495656e-05,0.00526938985619273,2.68190329965011e-09,0.00837719868827262
"31",0.00164697860363925,0.00742495201591175,0.00202638920900286,0.000618253836191342,0.174828527751726,0.0336469362374705,0.00473954703197985,0.149981107269332,0.131044833710559,0.0201700760326125,0.0116736617270326,0.0178734250573455,0.0838825400963105,1.88302424942494e-05,0.0730176587534374,0.107047836958978,0.00465362850728926,0.0422682628217298,0.0051656720526576,0.1282708820843
"32",0.000408494773542387,0.000405087633485458,0.0162908873697727,0.000313237097506291,0.0960484334000412,0.314328805015081,0.000181740895212658,0.210715239754268,0.0699155817234498,0.00699342067824227,0.00039069466800265,0.00424953864845117,0.0606155039025054,9.31494298255043e-05,0.0149368463775209,0.065155409575865,0.000627531419244795,0.058597261226541,0.0160499717861239,0.0636831646253173
"33",0.370693196333431,0.00332888682423795,0.00114618784178228,0.000106816655464778,0.105065031448911,0.0503649087272692,0.00556758320803053,0.0522839158807908,0.05093017900928,0.00932057674830723,0.00312927935196733,0.00113800784952868,0.0813770734977674,0.000114081329844647,0.144844932129502,0.00431109339260251,0.00157262746112786,0.0288813954657405,0.0143388560323096,0.0714853708121049
"34",0.000885024675451084,0.559134960108259,0.000285416603671774,0.000901422237127175,0.000345881675661687,0.000407486572617851,0.00448578402497076,8.82527239343189e-07,8.68189345874228e-05,0.0723384680394953,0.345072614411648,1.37970552107925e-05,0.000237617938111472,0.0143083972523453,4.60787821120009e-05,0.000182109462667377,0.000172563894026653,1.08027412991145e-05,0.000627672954619573,0.000456200108877904
"35",0.245569554616371,0.11203892842069,1.37715456330957e-05,0.0202174331753436,2.14563868082456e-05,0.162572644151795,0.0679611763268538,0.000313598165108743,1.29901962403028e-05,0.206785879098561,0.18004142962476,4.460997097066e-05,0.000225088789359764,6.0036523506877e-06,2.7587469516458e-06,0.00363899602862317,9.85839980481708e-06,0.000101975764783343,0.000378418256857065,4.34286821335083e-05
"36",0.00437214796068166,0.11443090442448,0.132460773765035,0.00264260201581462,2.33220777282582e-07,0.145756027006304,0.0100415017938314,2.88157688095357e-09,3.19971637620707e-08,0.179443967041484,0.386976469711363,1.38481732883316e-07,4.45288706889678e-06,0.0161214893289777,5.9120174520543e-08,0.00770606584830994,3.76780225062686e-05,2.53805435419011e-08,4.17144424269223e-08,5.38739773162846e-06
"37",0.00623335359857281,0.18853506104298,0.495742152003013,0.000184510385028703,0.00195278185645127,0.0040489755527866,0.00021363196282131,1.97159789784115e-09,0.000180805515751864,0.0182764851826644,0.174446080578098,0.000443707586707664,0.000681411810768307,0.0472780069099411,0.00317649995917237,0.013171825554608,1.96574910402784e-08,5.51017077415895e-06,0.0226036440834154,0.022825534617357
"38",0.00508525160631676,0.000442605608445366,0.905895521922784,3.31717082247639e-05,0.00271327777970987,0.00826558660495964,0.000414819448309604,4.53350912379506e-14,1.10845179113856e-05,0.000130572168689819,0.00662760263237586,0.00601523587761232,0.0012151958120296,0.00500875142887957,0.000793554753766025,0.0484600014695756,1.40917996493228e-09,0.000231734269882346,0.00367616460629016,0.00497986637501161
"39",0.0658734937530769,0.00334814494409314,0.451061071157137,0.0021092184712624,4.64897704797444e-07,0.0330059990894978,0.0303303196124468,5.67520102768948e-11,2.10321966677048e-06,0.129104059164161,0.266466339996995,6.12309784220602e-09,2.92165286107849e-05,1.85522272019429e-05,9.61830080530177e-09,0.0182700033619563,1.01755541822619e-06,0.000177772758884868,1.17711636111035e-11,0.000202207451964216
"40",0.219305468521687,0.186932149160954,0.045283987702816,0.0295715331997402,0.000808493671567326,0.0214756023014237,0.0545345849448107,0.00140822659852113,0.00276915700411007,0.0233683611076286,0.386032847777402,0.00741591893203413,0.00101772061656486,0.000250407590166454,0.00143015279013137,0.00208277827711244,1.93188327191676e-05,0.00692366208154022,0.000275481615142975,0.0090941472739276
"41",0.00217216091915402,0.118049294057179,0.420107506440657,8.08941179301023e-05,3.13350037266628e-05,0.0152926587070278,0.121442878548201,4.28325107282369e-24,0.0281877753257417,0.0374132455834001,0.222046069177431,0.000299355127812075,6.75369851948622e-05,0.000351785238978887,2.80829802170594e-08,0.00634642661601092,3.23753393430344e-05,0.0118461441666504,1.57726127768551e-06,0.0162309533013023
"42",0.46722005961194,0.12361778208523,0.00625760716284764,0.00197015497559641,3.69323113707169e-05,0.0979160862636734,0.00711121651773383,0.00266306437430383,5.05005815444353e-06,0.00510515189135738,0.2323214549878,0.00027089423629221,1.71526596536859e-05,6.70106413524269e-05,5.9933680918403e-05,0.053244544745245,0.000987639137088093,0.00103255466545564,4.6905150765542e-06,9.10194789096303e-05
"43",0.0531694254246923,0.0589666435992675,0.00398008238114327,0.00268076508145,0.0518247381812625,0.0708334573071456,0.0964490386560394,0.00256541640781124,0.000553473235023555,0.188130244624508,0.341887439561215,0.00187039376626604,0.00753400554636781,0.00012746798077948,4.28058709341869e-05,0.00818047355437243,3.85123695867958e-06,0.001271239299542,0.107021714048551,0.00290732423666966
"44",0.122836614932746,0.12755405607457,0.0326415346636098,0.00114929876854303,0.0120848309521164,0.261349499376551,0.0162538119809741,7.74114663900223e-06,0.000353887741622821,0.120679107201928,0.201853122675715,0.00282109684856558,0.00198585215347445,0.00117177490436016,1.19649931605775e-05,0.0397430969009502,8.30190693498184e-06,0.00132611414840309,0.0529329139475306,0.00323537868160415
"45",0.216597428338101,0.257893303288694,0.000440472431925604,0.00356704109053154,0.000548686547268064,0.0950709659257007,0.00592928659940931,6.68391235589438e-09,0.000563960071103871,0.0205643738971514,0.379252459439773,0.000249464014728802,0.00179243966279885,0.0102021749817219,0.000221782823022921,0.00417000079410447,1.85315822411879e-06,0.00025697254427653,0.00103430412806029,0.00164302357949162
"46",0.00122000567643137,0.290877699032357,0.0035848295281051,0.00311659335683473,0.0708123371820463,0.000985891848462586,0.0104226164029299,1.73237038312075e-05,0.0015692140036235,0.0336506450647784,0.35464047272891,0.000753652953110225,0.00361345351101065,0.0445317953722218,0.000144918207585573,0.00315600851097025,1.61809003277924e-06,0.000712773481199082,0.166581786552346,0.00960636479321363
"47",0.148490064611702,0.319474989513252,0.000621614024718011,0.0481587941889361,0.00436367010599378,0.00944619602685506,0.035494495611898,4.77892225290969e-06,0.00474797959113982,0.120786770937114,0.251316661654909,0.00418394615032554,0.000444547660342825,0.023316246174234,0.00642523751827826,0.00378751265701265,7.83015734040965e-06,0.00313049509152756,0.00189535592574333,0.0139028134764257
"48",0.217244439560433,0.159666876416926,0.0455199041893567,0.00164963543790277,0.000645631596399767,0.0344452321554366,0.118790028741965,1.36182495180675e-07,0.00139647193315832,0.0455525530038327,0.302967398851162,0.000190860642267109,0.000139859724802889,0.030723228217211,1.39589817969179e-05,0.0187133240031681,9.1819869570668e-05,0.00156746824349145,0.000813684087957075,0.0198674881606676
"49",0.176914302555017,0.115285490503961,0.125579275177551,0.0971499806888169,0.00116151506826179,0.00129193839193866,0.0188286581951166,8.24376121393053e-08,0.000370615217058047,0.00989321017606523,0.440529069800452,0.00041007630212806,0.000581767822999229,0.00178479104838375,0.00132743021749555,0.00821149030012171,2.97495952193187e-06,0.000295512138211018,1.12385031006196e-05,0.000370580496187735
"50",0.141332840649935,0.136996402174967,0.206134220990239,0.00519353045741833,0.000187391496117879,0.10826523066346,0.0301257737763539,3.807396494283e-14,0.00381278190555403,0.0980865977172938,0.223089789498706,0.0009137352637228,0.000812530363037153,0.00279592445554715,1.37695280033659e-05,0.0325731901956719,7.67548873997723e-06,0.000988454671330621,1.6174289800842e-05,0.00865398641406365
"51",0.126119848047003,1.20305526593807e-05,0.268402836788557,0.352641494334535,7.8790540465032e-05,0.190663922631739,0.000345628485492219,1.60810912320374e-06,0.000118125928206472,0.0100550164936795,0.00049432779980904,0.000334958193232726,0.000610998725405545,1.03604308822464e-06,0.00180221660635068,0.0477071013580533,6.64720173490862e-05,0.000448113936168604,1.56252538637721e-07,9.53171565449382e-05
"65",0.207045427470144,0.105996190476105,0.0399135247957502,0.0618767062175432,0.000229750551897647,0.103293808145644,0.0236474995535224,7.57895072919843e-12,2.64524980982604e-05,0.162066107819687,0.279137512823423,2.83449846059159e-06,0.00153522013909949,0.00295569536972511,1.41857313914533e-05,0.00587696111080689,8.99743787011951e-07,2.58555142145711e-06,3.05940547687056e-07,0.00637833155536649
"66",0.0034470713663841,0.106654353277608,0.000641121103762814,0.000733472827841759,1.1909362010834e-06,0.364275930231248,0.0208569393665692,6.09698605399119e-14,4.76194484557423e-08,0.296718196615439,0.195494449510045,2.42033716078554e-07,1.93434409644784e-05,0.00323114762461817,3.01401081796968e-08,0.00790041192326109,8.82922357522776e-08,2.0041659615742e-08,1.37933373579618e-07,2.58057154544122e-05
"67",0.00178350630923631,0.130895833997959,0.321722253458306,0.221237043535934,0.0011011353171822,0.00534724996965066,0.00369978280136191,3.99491801591612e-08,2.83472356667673e-05,0.0775678964427978,0.14332311513661,8.35195149590102e-05,0.000414604462839651,0.0340428234954342,3.46187590603499e-05,0.0129907838166783,1.85973332177142e-05,5.12928488680191e-05,0.0391967351688693,0.00646082044618951
"68",0.319065526025019,0.0759904513257258,0.00760803117677161,0.0105001523959837,3.234315439839e-05,0.00109901753202353,0.0677425721218053,6.39075295145199e-11,0.00863271102883655,0.184786672407192,0.31785624335146,0.00301849613325724,0.000428216430253979,0.000990292484150107,2.03953662288641e-05,0.000912213749726723,7.58636596486674e-07,0.000313483279927069,3.86259049324596e-06,0.00099856074624257
"69",0.195883520455508,1.10125439729887e-06,0.0071715866567859,0.000702867853312055,9.72001738485641e-07,0.783928575702233,0.00138366718585465,2.0297442961274e-06,1.40427750017955e-06,0.000239969892209616,1.32869040881404e-05,8.14321908785197e-07,0.00137835243302109,7.87841433618913e-09,1.53078943685067e-06,0.00913026110111485,6.16321564158223e-07,8.25913401437418e-06,1.42785409099184e-08,0.000151161814061539
"72",6.8796519626779e-05,1.34859342628874e-09,0.00936250707143208,0.000634060309408736,0.193726731286309,0.0824829433412003,2.59276802735966e-06,0.417647176953773,0.0375560327218488,0.0335267070845213,4.96876187102185e-09,0.00012968061344908,0.0231398097438034,1.25986616246924e-13,0.00176263928830305,0.0999804687053326,2.42560194197343e-06,0.0208263233673193,0.00469470912375744,0.0744563891824651
"76",3.25079370271214e-06,0.393219473020604,6.16468680725215e-05,1.83746091237178e-05,0.000887457536127217,2.75210582295081e-06,0.000683731438355644,0.00032306281908606,0.000172240542442489,0.000380656572882702,0.586495856659389,0.00952868734496526,0.00339002099188053,0.00205962704284667,0.000596021597896515,3.72293247135014e-05,7.66168691152998e-05,0.000273325121156885,0.00171710859905705,7.28601427594511e-05
"77",0.00696023862604998,0.0729964683469223,0.0108787344057935,0.00122188606765917,0.000721479463471347,0.216675398608805,0.341536978913064,0.00444774567499813,3.56534792746413e-05,0.0403158224234366,0.286439098724614,0.00012508875016287,0.00130293748707339,0.000389362864756305,0.00128430253404848,0.0111726829935444,0.00188193480588541,0.000959869249009734,2.13748427524142e-06,0.000652179097156244
"78",0.288277718364075,0.248596722599331,0.118438254691068,0.0111382432697715,0.00517705668627421,0.00793778476500649,0.00617512942042183,3.874544259128e-05,0.00469693981835791,0.173843309502238,0.102907020226898,0.00165519376720804,0.00359299602673698,0.00852023394193197,6.5697138724898e-07,0.001355834552277,2.98344381367149e-05,0.00237871300943168,0.0114782469228702,0.00376136558398705
"79",1.7150325364795e-05,0.12488984487363,0.000477342215944123,0.0106723482391538,3.86374474203874e-06,1.04376831552519e-06,0.351457859962178,1.08561604986874e-09,2.16757335650072e-07,0.114016714827407,0.342294962024298,7.37545302075004e-05,3.88467253392524e-06,0.0551804356907622,8.39976748784912e-07,0.0008109288540341,4.93552479735419e-08,7.11371113026658e-08,3.78261958359661e-05,6.08617635335709e-05
"80",0.000728186601300568,0.163387621731618,0.0192565444505869,0.00040690438781017,1.05551439890316e-05,0.106678519595064,0.0090166603552117,4.22950931171646e-11,0.000397751134520525,0.130549147327522,0.552168580521495,0.00405045290232201,1.33575620184482e-05,0.00215900889289941,1.64886743480746e-07,0.00948778668022316,9.9082516664964e-05,0.00141447190451426,7.76027274681255e-06,0.000167443090455256
"81",0.19488982581281,0.284497145091418,0.0005796465396448,0.000116216354753086,0.00276333353211175,0.000145359791502676,0.0185720080298466,2.83064972380538e-09,0.00216209323555508,0.000104148952720743,0.438681893216491,0.0173367641507372,0.00298365796205232,0.00103180248965352,0.0182264304031201,1.36254066753636e-05,1.06185378803372e-06,0.00126183067397837,0.0158274678950438,0.000805685777448914
"82",0.00947802768039729,0.503552748062838,0.00708294385125351,0.0140658529627157,0.00038138048244056,0.0101185365450506,0.0467905857571381,6.55207903072859e-11,0.000683935583827754,0.128400408633163,0.184098975092504,0.00403984705453025,4.15900759848479e-05,0.0492350645539632,1.61683925017932e-05,0.00996782195416059,2.22136281918514e-07,0.000184698629890284,0.00645667184822292,0.0254045206376152
"83",0.00828297326201532,8.45656777756401e-06,0.738251198369445,0.00408360102659491,0.00113884869457743,0.107516084000869,2.41040088932095e-06,3.78840370802747e-12,0.000491787999909616,0.000282878716353339,0.000396378585747288,2.67829323711609e-05,0.0336020095214607,0.000912742287487653,0.00016517492617886,0.0975274358684021,6.68147129123999e-05,0.0070962218040514,4.91517568884112e-06,0.000143285143479495
"84",0.00837859591113745,0.0674380986739126,0.159670319901213,0.00247943606592909,1.25003695127885e-05,0.245401474789608,0.050393627032964,3.50887356511386e-17,0.000154558063586748,0.155785599722931,0.231351610937561,2.11503718088022e-05,0.000192362948519663,0.00013340694407564,7.60072747454355e-08,0.0778708978266039,6.48895582928849e-06,0.000422480653778972,8.0438340915404e-06,0.000279270989661621
"85",0.0364571065060689,0.44259770648603,0.00100421847221982,0.000160330887033568,5.59252205344904e-05,0.0384124672062146,0.00304136573919814,6.6360776954742e-05,1.99785004719761e-06,4.07221058238901e-06,0.446741155219014,0.017516650339181,0.00407614810886673,0.00171389217004101,2.45508844955564e-05,0.00425564699681763,2.88538853300014e-09,1.38294341408751e-06,0.00386232010133422,6.69899656346682e-06
"86",0.01254387120026,0.203463032917031,0.0555137428548557,0.00447636129911523,0.0123305954193254,0.0469276056166171,0.0263185215058389,4.57042030532155e-06,0.000311832901703743,0.123017109511211,0.379829786523649,0.00302096187088245,0.00126065162097717,0.0299980904751566,0.000181455090495641,0.0153471093019257,5.49418277130295e-07,0.000719090862378312,0.0611760762985479,0.0235589848914469
"87",0.167407744310052,0.183993209211719,0.0043013078269558,0.11248498767071,0.0034855699683876,0.0451615415472899,0.00579945178416071,2.93440150915046e-08,0.000191055052772375,0.12650535382416,0.309448583657215,0.000566195481248814,0.00201362958519814,0.00172668897706908,1.7294595916627e-05,0.0173394547883121,8.68637791406219e-05,0.000431287121182838,0.0180587803709204,0.000980971103574216
"88",5.97034041081655e-05,0.229656229215912,0.0114328105235728,0.0468075438591075,0.00924510946605601,0.0740023639864341,0.00858721828918321,1.07166718771988e-06,1.06376340392119e-05,0.00640874579437339,0.184434188844102,0.0186139211886167,0.000529995733678295,0.12223769059397,3.47315358776187e-05,0.024141460887475,7.88826384457269e-09,1.11744491064452e-05,0.240294665390074,0.023490729648862
"89",0.0060473738836051,0.384133367889458,0.00879408586243651,0.0146730741902843,0.000129499731946762,0.0289229096828279,0.0749959627042046,2.71158074151153e-09,9.02063260836122e-06,0.183844025951031,0.26556131829684,4.88011267941309e-06,9.63880086807424e-05,0.0127446627677016,2.83334990151297e-08,0.0044761221391508,1.529657145462e-05,2.45453974253229e-05,0.0125359622677307,0.00299147286485331
"90",0.0418248036039694,0.388672561138942,0.000244481889258429,0.00354188530135758,0.00482657941249626,0.00120479464643576,0.0115332825092154,0.0132028182558817,3.46572633532182e-06,0.0138622735522316,0.420026307990109,0.000748449158023821,0.000351865768946949,0.0347054952825589,0.000856371194644327,0.000768453546555696,1.99139314431808e-06,7.0483714634265e-06,0.0632717680720606,0.0003453031863696
"91",0.00182614041731858,0.0920805654092891,0.0033253444633264,0.00296556918791627,0.0661336010933541,0.195394314083212,0.0419749420924814,0.00163422316775953,0.00499180985895114,0.174286020135106,0.252126121662939,0.0032696438739247,0.0108378901869375,0.00554225269459993,0.000956579953556975,0.0272535977673314,0.00145144132237712,0.0110910160123544,0.048577911258763,0.0542810153585009
"92",0.330846360482554,0.0489112445737132,0.00506432512286537,0.00399998639888455,0.0924713560134188,0.0419345183731121,0.00164686570248666,1.14098406181125e-05,0.0192279636602329,0.217909035843427,0.0946591547436758,0.00898623569825123,0.0611382240438777,0.000965012306229341,0.00188114885934059,0.015426236766832,0.000587749143332099,0.00562454642811809,0.0161906139183901,0.0325180120806411
"93",0.000650236479216294,0.0851871870045853,0.00774592809254735,0.00939311032946008,0.158962694707403,0.0214578652234906,0.0201046115499243,8.04853313861567e-06,0.119874727927184,0.186669990099903,0.152854523614559,0.00690424226049796,0.0643805986374499,0.0170029007143687,0.000895424940002971,0.0201744405871139,0.00193716587249437,0.0394810245079353,0.000405704420003751,0.0859095744987221
"94",0.00288233750094019,0.103794334855905,0.00245467160375762,0.00752191083048614,0.265812456787357,0.0473612981090996,0.00148308090140778,0.0061180524206023,0.148989072370283,0.0470085466160194,0.0174212233360959,0.00301874207825975,0.0676963762868604,0.00483215909854408,0.0457295002003149,0.0599728779593201,0.00078205057643331,0.0620128530690455,0.0231726799981098,0.0819357754011588
"95",0.000662975562735407,0.0562178296176265,0.0102638315293376,0.0261269021156485,0.0179044296385808,0.0105594012767179,0.0987165009348035,9.29534569363787e-08,0.0215392909171108,0.312725040476946,0.409572655202186,0.00530612104379972,0.00344145285831769,3.01753256263292e-05,0.00949490279772674,0.00112047307801783,0.000668619353020946,0.013217287926091,1.83328825571707e-05,0.00241368450969169
"96",0.025434970398141,0.294717673042541,0.0131924628589858,0.0277448831895143,0.0685018685585491,0.0186646752501529,0.0308991415632659,0.0325672065124293,0.00758247868769928,0.16036630669452,0.16080013388053,0.00192063862659765,0.0145980636464505,0.00717045585286906,0.00216162088550153,0.0286966773288764,0.000393670919261837,0.0222969267124559,0.0789114457649802,0.00337869962667928
"97",0.269822546486859,0.100074238731636,4.55569838017234e-06,0.00490462641562223,9.34624045864359e-06,4.01572460362873e-06,0.0203748537067702,0.000613465124382295,2.69697608782726e-05,0.0481310259596567,0.554598924897049,8.32368126653737e-06,2.85904935474478e-06,7.06770469181686e-05,4.78881361063129e-06,3.11302029970757e-07,8.09547257037408e-06,4.73862899160944e-05,0.000990603901228855,0.000302385696808786
"98",0.498247790873155,2.23262180614701e-05,0.00703243327250141,0.478682563851326,3.27849686552534e-09,0.00181199313706302,0.000101867531948497,1.89718042065636e-06,2.50849634556257e-08,9.85931837571145e-07,1.62975330058381e-06,9.17872986574268e-08,4.44191268877327e-07,0.00652831050245458,3.46870508097841e-05,0.00753014953292919,2.61817059922922e-06,1.45061425622652e-09,1.23056693944074e-07,5.81442569608876e-08
"99",0.0227877909831077,0.00787875275678525,0.0292915444375352,0.0160076146105147,8.39508065684836e-07,0.461758385932935,0.149633054525595,1.2005989719888e-09,1.11208635355465e-07,0.108720129283823,0.0892546212395161,2.60675692779006e-05,0.000219985854339255,3.0735236447777e-07,1.14729597722717e-08,0.114146906896465,0.000158809339396837,8.90855805266214e-05,1.43117494391937e-09,2.59788163833624e-05
"100",0.418208612822805,0.128944416857642,0.0703168983361701,0.178623517326326,0.000537041720605002,8.05754675418024e-06,0.00393132594100402,2.20768937768278e-07,7.37510855520206e-05,0.0495730530452779,0.125892278670835,0.00100821554343077,0.000167509910079614,0.00232935666118699,0.00413177616017421,0.000180334601422904,2.00585687508095e-05,5.84057787520653e-06,0.00670084905500179,0.0093468848001684
"101",0.681459053512388,0.0373094435146588,0.109105836067803,0.0438862357964293,1.63082572573032e-09,3.07563354065069e-09,0.000291920544737153,0.000170692386021116,5.22743438776335e-17,0.00214622842682665,0.122792634860398,3.4084276185568e-13,5.02274641708733e-10,0.00187164626974659,0.000958953954908348,7.25019527314526e-06,1.61565406086318e-08,4.67780070386548e-17,3.29627187427823e-10,8.2775567584908e-08
"109",0.0379665647404288,8.7171216688447e-05,0.574236201424344,0.00981293449682552,1.29108840210347e-06,0.000535388367766957,0.320716167002971,0.0398721758841288,7.88685064973257e-06,0.000959746646096445,0.0105867646149467,7.5922547323147e-08,3.65523047515783e-05,1.5143319127264e-10,6.40701105796757e-06,0.000332760314852936,2.95725613198222e-05,7.1550688731485e-09,0.00481197370133993,3.58544379604032e-07
"110",0.0703382673530652,0.0080527428647696,0.656984656710579,0.00123924420757979,0.00116232818220815,9.2897837734735e-06,0.0911557145506057,2.79659956744739e-10,0.00433230640208227,0.000850725845391716,0.122969471598287,0.000173957227057244,0.000223122766024327,0.00453121938765191,0.0286661396817453,0.00228987744138789,2.83159633163176e-06,0.000118223132025712,0.00185263520439135,0.00504724578538308
"111",0.187792511902938,0.143129992420604,0.0246256462362402,0.0141787455594331,1.89029896019048e-05,0.0142401380701238,0.119907044417266,3.02054071904077e-10,0.000494914641537972,0.170855932157815,0.301607229848568,1.10567033735068e-05,3.55535965558305e-05,0.0170621331045448,2.10017740560138e-06,0.00343210671173411,1.18974378629369e-07,0.000232496113621083,7.37822583853372e-07,0.00237263824962039
"112",0.0110734987735283,0.18326176839316,0.0136554337056116,0.00121342436408201,0.0229384763721167,0.0252533427508252,0.039714634278819,0.0372782551885373,0.000278191042278313,0.2364719165363,0.384015603098769,0.00162832708524773,0.0048481487527988,0.00309983504037903,0.00107592318301304,0.00407021381031815,3.16051284668219e-05,0.000671152200879569,0.0252727738639086,0.00414747643096053
"113",0.0146318076409073,0.253641338810802,0.0038674446410335,0.0036343884420552,0.000511854531141122,0.0295741217466391,0.0238366413776514,2.10471957140128e-08,0.00711014998709021,0.0750137366475888,0.559057935342506,0.0060587617314131,0.000844670309545258,1.56657523711365e-06,3.1053491906497e-05,0.00345151338455898,0.000146462001561741,0.0157404684267716,0.00017562426180884,0.00267043960258631
"114",0.447104037408073,0.047066545160215,0.000379488789539687,0.00118374739929462,0.0839017718081217,0.122435781609084,0.0135149057130549,0.00155164538172899,0.0477898505156983,0.0536888616070054,0.0630073493502797,0.00330268141131984,0.0127148330181891,0.00501835593711181,0.0117899046189251,0.0325490370177106,0.000642474259367459,0.0172807841642792,0.0179787730061399,0.0170991718248618
"116",1.13678122464823e-06,0.405192710852646,3.2727085067911e-06,0.00405153411862692,2.77853175161211e-05,5.48883756711947e-05,0.000672254577769634,4.76928630543651e-27,0.00058428060304028,0.000530542344452026,0.571267762483167,0.0117670910552083,0.000315015075189923,0.00508570320246972,6.28875542613383e-06,5.93976194275249e-05,0.000163160804078426,8.05885142282682e-05,4.53708316558699e-06,0.000132049728185785
"117",0.37070793729888,0.0030270309335266,3.52152117609558e-05,0.00269830063081786,0.128654854840738,0.0364352324405849,0.192425266511461,0.0060487969148212,0.0464251204365726,0.0591969969076946,0.0150135114995208,0.0251528488200664,0.0101764006906839,0.000378701843692203,0.0193453358015193,0.00128506641610484,0.00748773354608349,0.0522790530278134,0.0173595749228913,0.00586702130476612
"118",0.00421324046180151,0.230629912396099,0.0133605373646295,0.0673801778749026,0.0028698821048376,0.282880676149197,0.154642079524964,0.0889470922795275,0.000314397476290945,0.0151726970558986,0.0925685634848734,0.00126981438763062,0.013505236586349,0.000259199291043245,0.00553329325954796,0.0102733754571673,0.00225124649360864,0.00179906681219982,0.00461720298405648,0.00751230855537594
"119",0.0323970155583276,0.0182089842753741,0.00227519871662143,0.0257749802720351,0.179314875369869,0.000402646793880933,0.00832752711112938,0.242402503560156,0.0848807762212263,0.0162246419968851,0.0212283399548707,0.0105103187729832,0.114380836522607,0.0546425058623878,0.117015170759948,0.00591082384111734,0.00558438627194788,0.0422485813700258,0.00322172995297039,0.0150481568156375
"120",0.000191504160428725,4.90048392625237e-06,9.72447707574071e-06,0.000168056756200649,0.0777706872800526,4.96353747663969e-07,1.75180531958539e-07,0.0680170969231884,0.0514867117061951,0.00013107758716421,2.60361129826306e-05,0.00109924352580727,0.640088411795546,3.93131728098211e-05,0.107518890308226,3.8706797335269e-07,1.25934056433806e-05,0.0422478376559114,5.25865625766135e-05,0.0111342694840125
"122",0.00157910223368209,0.000139277697549281,5.39879426931423e-07,0.000213581395539416,0.593701103246161,5.27707017677866e-06,0.000100606883094146,0.000110583233653912,0.147506833784578,0.0416522258814106,0.000223850706928198,0.0326715733337873,0.0777017587474568,1.89553980551703e-05,0.000179934324924312,0.000106415063499489,0.000207032125462082,0.0470331587362418,0.0283790718214712,0.0284691184369016
"123",0.00242139882360373,0.161720495118283,0.0372508114992533,0.0466438470156023,0.0168461267613308,0.104590649007033,0.188331153434669,0.00990426364510665,0.000602514714601213,0.143194185572748,0.148712100182064,0.0127298293310586,0.0060369903944668,0.0188792130434564,0.000261836448162196,0.00693327944340977,0.00501529540297082,0.000925475457237069,0.0873332441698249,0.00166729053511882
"124",0.0183878768192328,0.395439606762079,9.67492652089496e-05,0.0370104832354443,0.00104596901882618,0.022650977529327,0.025350767134335,3.92779662401763e-05,0.002032224623323,0.0568404708417457,0.427889272208544,0.000139976162832619,0.00743945480706842,0.000148126815618408,0.000147894853223831,0.00291528809685138,1.18851582081685e-05,0.000657325340625012,0.00110426573245281,0.000652107628812575
"125",0.000157093242899602,0.235853164627323,0.00158718140314544,0.000664572138291365,0.00590152406799179,0.000297078923056656,0.0150200373012191,0.00011100799475658,0.000624916142931216,0.19516799827477,0.480356153317951,0.0060881220673483,0.000408305322024137,0.0275551761826255,0.000395662746914444,0.000115239383540762,3.5798465284053e-05,0.0010122714094234,0.00765059317354145,0.0209981038149617
"126",0.198537669451241,0.00240467363051546,0.022749140335044,0.00330807904525986,0.0175926763176452,0.3741859994682,0.245120674209899,0.000131080132597899,0.0081320465505577,0.0465819236524004,0.0173018460413495,0.00100558105104734,0.00347619672260404,0.00185763698466148,7.42493677184933e-05,0.0268207934830353,1.81215520681812e-08,0.0032494951124259,0.0180114452453795,0.00945877507686624
"127",0.39817685828076,0.0286267318218095,0.00210483081702307,1.34224320827815e-05,0.201246474171687,0.00150386592124114,0.000830285514270201,0.00256395466017759,7.34798796340547e-06,0.0832931711209021,0.0852400278782835,0.00177403733493171,0.0097389287700858,0.00500554025202312,4.84440781233228e-06,0.00435325794005435,6.64114179865482e-08,0.000389663993056666,0.175049287477284,7.74028071338412e-05
"128",0.0119709644214724,0.43752376857161,0.00656403754244635,0.0348427061404061,0.000327139886656154,0.108117544877022,0.0286148470490844,0.0188382202896434,2.01276674880481e-05,0.0058211487286233,0.279715907838879,0.00140400849627278,0.00242848478316661,0.0259351300791576,0.00052212555813652,0.00752772554360776,9.77307849485545e-05,1.26741849197262e-05,0.0292590385266707,0.000456669029789162
"129",0.0561499892414088,0.0213813502338447,0.00604423213321976,0.00121260548013985,0.00010301443542164,0.775859230633542,0.00249717186954608,3.53935373132868e-13,0.00142327024846896,0.0138652621735635,0.0124757122651591,0.0162199551622373,0.00152603387892048,0.0195445718234938,2.18307850689354e-06,0.0678841402512746,0.000245373078901575,0.000312470044143047,6.30728772994239e-05,0.00319036109055429
"130",0.00267491369117682,0.108789216635682,0.000386487275326501,0.0146577178355552,0.000281282308944701,0.0423302194027885,0.097896844127932,6.109048468308e-09,0.016903217089633,0.300553690171854,0.392257805735121,0.000150085926968642,4.48626557221205e-05,3.22251200970333e-06,1.20377167129878e-07,0.00183872140950125,0.000890478967337767,0.0174719435704635,3.14276900368022e-05,0.00283773650773024
"131",0.0325253559602067,2.14489157880424e-05,0.827594504518942,0.000674842419477628,0.000373640482454816,0.0563426317608716,0.0126983741664061,1.04621923296858e-20,0.00333347567327276,3.48239972222885e-05,7.72917411547204e-06,0.00126676695074002,0.0111149894460636,0.0361304841173277,2.19486345456148e-05,0.0123988471963656,1.46794509016972e-05,0.00312324462829499,3.64704565882332e-07,0.00232184780243713
"132",0.255503400616951,0.0928172981639119,0.0103173289974045,0.181335559204924,4.62985535963751e-05,0.00427880968792301,0.200867673778747,7.06445648837028e-12,0.000122784064791612,0.114649434279335,0.113721787271236,0.000344729970742905,4.1063051195257e-05,0.0056875434745141,4.61325961195348e-08,0.0110554584954956,0.000152300227460863,0.00023011765882132,0.0014498861150215,0.00737848024826731
"133",0.214996745914409,0.201654893642691,0.0773318636226691,0.0131442835235976,0.000327064626470355,0.00170853637492641,0.0326144839149738,1.28079109784859e-06,7.68535237185386e-07,0.0982794819435015,0.245834425956265,0.000956575519653027,5.37987666724698e-05,0.0483897185880125,8.92421086726921e-07,0.00429220107626335,7.61318612779009e-06,1.49845056619362e-05,0.060060585902958,0.000329801187724945
"134",0.164927486350808,0.071185923825222,0.00367750272431135,0.0027179568352628,3.3652512336571e-05,0.207369090454648,0.0123808519708753,4.52492835224762e-11,0.00103146741903799,0.180878683419711,0.336713803663048,0.000450666317556639,0.00012373923783752,0.000171590541580182,6.97482904512943e-07,0.0158844307140354,0.000166663504822911,0.00117051078062884,2.68088048649149e-07,0.00111501411207589
"135",0.0160096772304666,0.214884798955972,0.000795815414741356,0.000700011183520392,0.0558402263031623,0.000429937773040593,0.0103407679209048,0.0461228660291944,0.000586127844862932,0.106733666436772,0.43614552959232,0.00162109666085947,0.00450783598868326,0.0202732760442324,0.00146308712560399,0.000651631717809082,2.70638906446438e-05,0.000601656184182767,0.0799733790711935,0.00229154863183391
"136",0.0105284308649837,0.453378551121491,0.00662567814941752,0.0801048699567978,0.00229424582010936,0.00681712285882339,0.0353421758500379,4.99588760029947e-05,0.000167894008510691,0.0209273395798276,0.31655342263364,0.00868369154439687,0.00264462634676198,0.0249766180023688,8.6737870715932e-05,0.00237668389304801,1.30246178924087e-06,0.000149840494034046,0.0248234798899632,0.00346732977728088
"137",0.111529465506152,0.253468505486933,0.000649865717557463,0.00233302982500738,0.0132593362712078,0.0184965873357889,0.0308806894473602,0.00102908822018377,0.00146368856970302,0.324460297860245,0.127898099528928,0.000228504998481791,0.00476482008091046,0.0164337974780116,0.000238174148482141,0.00132769521724271,1.88767249488479e-06,0.00222626723993847,0.085061067231816,0.00424913216355489
"138",0.000324093889377204,0.0210377150772193,0.000535138985829166,0.00180474810016785,0.109035151931375,0.210389149099811,0.0387874497349743,0.109254231434888,0.0935490023945952,0.0439514995941596,0.0708615853633146,0.0184874892571327,0.0698940620037939,0.00723247022207036,0.103118926914089,0.00739554826770701,0.00131080583845765,0.0796851533971094,2.14442075879806e-05,0.01332433428634
"139",0.3740956964743,0.0562097339223512,0.00748267876270434,0.00265255527171185,0.000115712577628844,0.000149095728579837,0.0666145680552472,0.00282388166802084,1.47618826143164e-08,0.31126158505103,0.0540475463135307,3.86647899140336e-05,2.49144273246175e-05,0.00200805113376625,1.71829506601308e-09,0.000261341726431885,0.00305412822617635,1.62644147784023e-07,0.119159666051218,6.95737980676835e-10
"140",1.39015143860323e-05,2.60612790197811e-08,0.000303037064109467,0.461768129211253,0.142438901558408,0.128530000471456,7.96272275711395e-05,0.0448882642512221,8.59746517357445e-05,0.0266820564858451,1.26060578457534e-07,0.0136272826848912,0.00324006482745399,3.56804728164992e-05,4.9800631416343e-06,0.0302110270384349,0.00104274907419701,0.000597258825786267,0.145879081827191,0.000571830628242794
"141",0.125559771834295,0.543112835127226,0.0236118490707983,0.0144604308856923,1.40180127324998e-09,0.0901735475329468,0.133092151865673,1.58618945890463e-06,2.52229994051609e-18,0.0200807375840059,0.0414472262062207,2.02340510139487e-12,1.08291794790147e-06,1.85161117574422e-07,2.94736168748923e-14,0.00827026322127709,2.56293108736831e-10,2.63123498725102e-07,0.000187964948546708,1.02671147572857e-07
"142",0.00549804911402542,7.19796457914984e-06,0.00125102525077167,0.0395654082601036,0.000149787148731881,0.682080893289001,0.122775539929679,0.0287880677161385,8.14633280710249e-05,0.0463772307255789,4.60886098589863e-05,5.23484238591414e-06,0.000595432188690385,1.71840165192985e-10,1.67747283687008e-06,0.0476415898438798,0.0124726052132318,0.0123261810505188,2.52577457171365e-05,0.000311270134360545
"143",0.00314318451427563,0.00010566831946951,0.0147749161977432,0.00694791387641217,0.0115864404946881,0.581261379103132,0.000476360715666745,0.0101611031719336,0.020673120220418,0.00594300784051162,0.000175819727561315,0.00626311414227834,0.0230026398238116,2.35771381537352e-08,0.00737036399754067,0.0776412257394566,0.00638262444146273,0.213475414130645,8.62176579258305e-05,0.0105294623079289
