"","30 Astro-Epen","05 OB-IMN GABA","13 CNU-HYa Glut","32 OEC","34 Immune","10 LSX GABA","33 Vascular","03 OB-CR Glut","31 OPC-Oligo","14 HY Glut","12 HY GABA","09 CNU-LGE GABA","07 CTX-MGE GABA","06 CTX-CGE GABA","11 CNU-HYa GABA","01 IT-ET Glut","29 CB Glut"
"11",0.0377098310744708,0.10343405744735,0.000163148088716461,0.350990168954896,0.023765469360998,0.163247370594525,0.0140392246777786,1.86452313053374e-06,0.00124972548692114,8.33283516157745e-07,0.0430272099297377,0.023602060958685,0.00435967199166809,0.0424737637824402,0.00776721922414804,2.60928751296979e-06,0.184165771333505
"12",0.191451105253125,0.152357434813824,8.42066816696982e-05,0.316660791154075,0.0237596991478356,0.187336883821517,0.00423698604295856,2.54961377830196e-05,0.000738022540506565,0.00150008382175315,0.00126381108931242,0.0677271700189749,0.00450361911763553,0.00309423920844111,0.0451908422941829,4.10442447985062e-05,2.85646116061441e-05
"13",6.00512980594318e-09,0.000371173761088441,8.61942643445218e-06,2.02823545625489e-11,0.0001875219088393,1.42435828934931e-06,0.98922641772478,0.000114228982886522,1.18627496596288e-08,2.3740164786166e-05,1.14576267788457e-05,1.66408815186256e-06,5.18134538637272e-06,0.000136157615493753,1.75696304650116e-07,0.000324193626763977,0.0095880257858545
"36",0.000794554438979556,0.00715244022309653,0.00160766132760387,0.279305179509927,0.34278980288972,0.0281762696506096,0.332345734092888,1.92408590497005e-05,0.000301164504589429,1.49066470569533e-05,0.00116275378141467,6.61578559456629e-06,2.22153946926878e-09,0.00617325536065376,1.26660123244662e-06,0.000148877414921035,2.74691123253122e-07
"37",4.07640128150418e-06,0.0364068980874007,1.08690532496266e-05,0.445142085053226,0.00582451181447007,0.335080324146223,0.128725095996277,4.48164504375056e-09,0.000128672922831285,5.44869045231423e-07,0.0282734544165376,0.000113506277644374,0.0118532700380848,0.00364780803839603,0.00349441612577697,1.35200208796809e-07,0.00129432707770263
"38",0.873213111946807,0.00216662424336452,0.00869817083755722,0.00284374031507644,0.000485726229273859,0.0484928308131429,0.0104510275752477,0.000319237753675361,0.0169705800457669,8.12615846791634e-05,0.03524212286353,2.89665819314968e-05,1.53656935672414e-12,0.000677093313056298,0.00028694186160974,4.25640268300027e-05,6.91479293055257e-12
"39",0.0727093801878293,0.174468613073819,0.000510542544785486,0.00692586012607855,0.003154485337877,0.379191805359497,0.14346414038279,2.48574763074361e-06,0.00704118689490503,1.31353195886724e-06,0.0558416921333466,0.0191496690876794,0.00248536419102407,0.0255142692582275,7.5536830369686e-08,2.77857960444266e-05,0.109511330809677
"40",5.71627392566821e-05,0.190180167441061,5.40274179422497e-07,4.62778332393365e-05,0.00113591206952632,0.763281326915006,0.00772381582548691,3.17445993507401e-09,0.00606214741302577,2.14681353708336e-10,0.0152787771876632,0.000278877780558286,0.000457826142544877,0.0154927289158962,2.04998415094245e-06,2.81736063913036e-10,2.38580752774348e-06
"41",0.000134725583650423,0.627096987979093,8.56350455818442e-05,0.0237442513510728,0.00674314276518023,0.209237446019189,8.02627793805278e-05,0.0021305871526848,0.00535128920502418,0.0184208781181154,0.00234212282769878,0.00242819098789116,0.00370307425790765,0.0156525185097899,0.077962609736741,0.0048862671541552,1.0526844086768e-08
"44",0.00335595350641166,0.00135950484878653,2.26308157791168e-05,0.100152646707756,0.0374643533928681,0.301642401164756,0.51018603195544,1.08713929598012e-13,0.0269773797739504,5.1890969119081e-09,0.00395013093211011,3.18667254908985e-07,2.78163260155552e-09,0.0148884552384005,1.85023955008498e-07,1.68092017556542e-12,1.26969511294176e-14
"45",7.2430827716402e-09,0.0188068421163809,7.18280000238936e-13,0.0757386333743231,8.89109502396422e-06,0.00800174918890435,0.723793976489539,1.82032755049288e-15,0.12403767228227,9.04321498855681e-11,3.617693264968e-05,0.00134638491669538,1.10834371048727e-09,1.66318086665503e-10,0.0482296649952828,2.26615095989016e-14,1.09989313007648e-14
"74",8.72568677097911e-09,0.0395165288484223,0.00085193443851078,0.0644773542381672,0.0350179879000594,0.0110042171654021,0.75544869994769,1.587280703492e-05,0.00190041471592625,7.11444741596461e-05,0.0275551736895732,0.00134263976625613,2.88598092459146e-07,0.0585726897156488,1.38369172928345e-10,0.0013036603558293,0.002921384475171
"76",7.85830293430844e-07,0.00244740645081956,3.85581268606563e-05,0.202605515057944,0.0155761408004875,5.66961917745918e-05,0.76220337981318,0.000177999279272182,4.09584125512906e-05,0.00133679942305182,2.26033427524898e-05,0.00387736482153323,0.00013688033231436,0.000583841496276039,0.00968890516678676,0.00115686655989216,4.9298894209686e-05
"77",0.000407181191761548,0.0484211234352236,0.00226954147695696,0.074759465358372,0.0690302297354374,0.0168256651940849,0.767087945915703,1.0514039259419e-05,0.00312107381803093,0.000164873195454022,0.00322919473419795,0.0140112132666431,6.46606664869403e-07,0.000605850104439841,2.14531251775311e-11,4.76100167847714e-05,7.87188953240945e-06
"78",3.07919375296917e-05,0.0169933880548288,0.000182454234198311,0.801718817445123,4.955796544967e-05,0.102848377086372,0.00110546310038816,1.53153221025325e-05,0.00251214026468139,0.0118592144310797,0.0277321553359964,0.0245137584116646,0.000137393098296028,0.0102581121470096,4.17651469120887e-05,1.19025050918987e-06,1.05767858543682e-07
"79",0.00345171521510589,0.210759564749594,4.3695247097867e-07,0.0457393835461853,0.0855356971672602,0.562495330334798,0.00804299250702751,3.38036882221263e-12,0.00851120124593634,2.18145241085243e-09,0.0183254656505671,0.0015538715545064,0.00347813012249897,0.0186778797208689,9.31972141075225e-06,6.92951353136622e-12,0.0334190093200067
"80",0.115091960238512,0.137533102378994,7.57967350679546e-05,0.0104699090021262,0.0671134321204542,0.295145539295046,0.00951611006576933,1.45069313301814e-07,0.0587886946111279,1.54273516798178e-08,0.0524670052105169,0.0189620927995194,0.0454494416061149,0.0695100156752568,0.0237579790543753,1.74280422252918e-07,0.0961185864300321
"81",0.103973744181705,0.0222349885477342,0.000235943737585841,0.00688485785427176,0.00292807227618319,0.428560084307081,0.0432184006577227,0.0869217135583114,0.000479374199914202,1.30502763654469e-05,0.0809308526629087,0.0801272535351764,0.0130334681612474,0.00888840834684962,0.0377981459102032,0.00107356895193628,0.0826980728348033
"82",0.00024057770603895,0.150374158240301,0.000143451480050175,0.0188294576750202,0.00746750453769422,0.316540423760806,0.369433713012811,2.98893358174864e-06,0.00900479471025621,6.45387340365805e-07,0.0511024677685866,0.0211700791928204,0.00697664141929241,0.0205013647400411,0.0145202671814969,4.81448916270047e-05,0.0136433193622358
"88",8.21004137234651e-14,2.23751949963066e-10,1.10389728932417e-05,4.50887900435282e-08,5.06336750048483e-10,0.268187619039094,1.34738231781544e-14,0.530745246089017,7.82657986368853e-08,0.000242255860517605,0.200104752106969,1.75559825422755e-10,2.56942268090184e-06,1.85291079665292e-10,3.72025911686972e-10,0.000706393691178401,6.06300907709638e-16
"89",7.94288742615912e-05,0.0978820947054078,0.0198457779042855,0.0209050894703152,0.0455860497088452,9.97317203150315e-08,0.553706467658781,0.0699019525841345,0.0428591257243161,0.000908960113469827,5.98840083342112e-05,0.0739900430992284,6.68441622424218e-10,0.0342177240262262,4.110733682873e-22,0.0400573017222331,2.69988053364922e-23
"90",0.118314992911355,0.00020866350658891,6.25404505614579e-07,0.860733275193205,0.000159510650857486,0.00467414265473217,0.000468885314998222,1.39616363423361e-08,1.19151656929566e-05,3.17317422712371e-09,8.44504789980681e-05,7.4283121189034e-08,0.000795493870855361,3.76174883783769e-06,0.0144563073820946,3.72858852360201e-08,8.7847013460933e-05
"91",0.0313135156130591,2.01280930904815e-05,0.000102083601888084,0.310173974661019,0.103131109293085,0.170814474789619,0.383883970067373,1.63121254695227e-08,0.000305765205700324,1.00773914763925e-05,0.000238163448700544,2.33254091195005e-08,4.68263696683914e-10,6.41192344388124e-08,2.24804306855046e-06,1.92918873271646e-07,4.19264801558046e-06
"92",0.140341231421381,2.96918316452533e-05,0.000530925124921135,0.209147914285468,0.138693469474458,0.149341821144963,0.360532708740018,4.32923976601234e-08,0.000235429470899821,5.01467219429381e-05,0.000554838478904047,5.84182189766704e-06,7.63075647321171e-10,0.000519821365490813,1.5930829645613e-05,1.1394294741229e-07,7.128994375737e-08
"93",0.0657074735005615,0.000216639733352211,0.000265899527752919,0.572253500932003,0.0188648060625912,0.125874131059065,0.21323244620296,1.06073022182846e-07,8.39906464451476e-05,1.07711527559644e-05,0.00340253516623029,3.86235062632688e-05,4.82004955262182e-09,5.08646135282504e-06,4.39022244796359e-05,3.43808580480744e-08,4.85502573787597e-08
"94",0.0422924697805256,0.125532065680734,1.76416129294726e-06,0.195792242740079,0.00883597087266939,0.30646900398393,0.170110864962592,6.26602649365371e-10,0.0699143764287273,5.31701132385166e-08,0.0524068640564505,0.00150245677842095,0.00859497133280117,0.0137404256678315,0.000245888987563069,2.93522230052294e-09,0.00456057783444492
"95",0.000223659193556267,0.13932720918787,3.17399652626863e-06,0.155630955032547,0.115935686922463,0.250515460546997,0.0728763061802927,1.44897660569631e-07,0.015388290838756,8.43400732014418e-06,0.0141920007614696,0.0182121252942378,0.0985592154930213,0.0204926430835864,0.0564977379764104,2.58904698476444e-07,0.042136697682587
"96",0.00328383168557156,0.183221618031274,2.48067758838318e-05,0.397683725573872,0.0236516874658546,0.250016817109387,0.0335995611254258,2.06423196015999e-07,0.00255913427369208,0.00061515073365719,0.0183770101786601,0.00769841506892337,0.0147858238657273,0.027551985962391,0.0368541064796853,6.19398289321686e-08,7.60573069707185e-05
"97",0.000201491657625373,0.144358920755889,4.57865829895584e-06,0.227898284599526,0.0574618909546185,0.457527950194724,0.0299927413991386,1.01064202314614e-09,0.0240450712725541,1.54782643024793e-06,0.00912809108648928,0.00457992661429557,0.0286372446274369,0.0123552256921143,0.00372442734331785,1.75353783358105e-09,8.26045533616874e-05
"98",0.00050488049298935,0.00132227045194962,0.00230411137540088,0.559161928974725,0.00449444527146163,0.0865863496415621,0.32824571170726,1.34890967719464e-05,0.00947620691593219,0.00165328418486584,0.00507569200795394,0.00115480920023221,5.91253384406295e-10,1.10276300265268e-06,5.36516605565822e-08,5.65343967976116e-06,1.02332990867418e-08
"99",0.00627633508598609,0.103629379158504,5.66495317973305e-05,0.244516857148016,0.0327849174413681,0.143376430902575,0.417496132576373,3.85145036058664e-06,0.000741333505611748,0.000191342343067389,0.00271951305391248,0.00884739386164594,0.00434608861609477,0.00317135174690803,0.0315017091098323,1.51757865418971e-05,0.000325538681404719
"100",0.000542277581109315,0.0274787117248548,3.85780700708459e-05,0.264485673499063,0.015981888975749,0.102574586996385,0.552432149203603,3.77079736520244e-08,0.0327698997432599,1.16464226391298e-05,0.000162379294707871,0.00340748772062675,8.10215482248241e-05,1.45693119729409e-05,1.87169644967777e-05,3.73787434845779e-07,1.44782825606437e-09
"101",7.3889285547423e-05,0.092971949375498,5.3508944131468e-07,0.0720489329473668,0.000916952055998977,0.168968757967798,0.520081895352532,1.86840455718497e-10,0.104074767155323,8.8003764947143e-07,0.0354792650867347,0.00133186511801754,0.000836676785530282,0.00107151924158262,4.99544877882972e-07,2.67488530318066e-12,0.0021416147665864
"102",0.0529291631042031,0.0132305037024306,9.57096260955576e-07,0.0155050087389554,0.121254563264503,0.331579559962942,0.337848084567566,5.91169679175885e-12,0.0683738293979966,4.00003458335786e-09,0.00805427432760962,2.98341437607384e-05,4.82002764381547e-05,0.00433722511387926,0.0014648169996113,4.46652925849191e-09,0.045343970831368
"103",2.09933922394564e-10,0.00191788697693475,1.93236785656539e-06,0.0542378483670362,0.00424066181031555,0.112240459268264,0.639435143431777,3.98955658265219e-10,0.100366736216449,0.0391543693743382,0.00244108653639353,0.0389250251056793,0.0070384351493512,4.70286652442987e-10,8.24787327601889e-11,3.33329259316076e-10,4.13900620781748e-07
"123",0.0206888432362222,0.00408159317262221,1.01463762538063e-05,0.311566828066917,0.0362542384032311,0.175314570493252,0.445826133931706,5.40962607263463e-11,0.000394733639456267,8.49473199766678e-10,0.00312839758616876,0.00268327645467684,2.69905966813644e-14,5.11607440547671e-05,5.58812657912975e-09,7.25810659093886e-09,6.41456094424113e-08
"124",9.53271562933016e-05,0.0850999203040953,4.11365158638277e-06,0.0387619575960549,0.033000460721284,0.212479314853632,0.532934035625895,5.76027650477926e-07,0.00847425288799313,1.01879687183363e-07,0.0107173902416616,0.00257789461446368,0.0333832018637662,0.00162870988519073,2.27046832613195e-05,0.000481899617155815,0.0403381383903299
"125",0.00744028931843642,0.139711874820674,0.00247280112613435,0.231665123035289,0.0293132907433391,0.000890574768306088,0.415285560107796,3.83011676707795e-05,0.140211103978681,6.11365538711869e-08,0.0166660924979522,0.00296639937588007,9.3898102307035e-09,0.00214310409798463,5.16566133074276e-12,0.0111954144303264,5.27562994278985e-17
"126",0.119777579742124,7.41427283256838e-06,3.08404487271243e-07,0.176793426480465,0.143844375036604,0.216396416796342,0.325892447671736,9.56550623667391e-13,8.04738180816992e-10,3.35721359674964e-09,1.55280743269504e-07,2.01997475381779e-08,4.3721994630402e-19,5.02236367401833e-05,0.0172376280584611,2.28471942132358e-10,2.83372532882258e-11
"127",2.32477025235015e-05,0.0752183619667942,2.89826096332847e-05,0.10257160962271,0.0472085864062877,0.0731837293333604,0.586037803880799,6.57051884649135e-06,9.76602026824877e-05,4.05404467918362e-06,0.0251722674172207,0.0198681311767626,4.81504354855915e-05,0.0146450778726939,3.93532646778951e-08,0.000136010397207701,0.0557497170590485
"128",0.000978571047816194,0.016151626598263,0.00614804938796462,0.891332493787545,0.00038082441420565,0.00577262217024594,0.0167640973544056,0.0025198322681567,2.08754256929498e-05,0.0154567405032748,0.00318524055660042,0.0341018185784337,3.71782859284945e-07,0.00525722240917944,2.87791244454051e-08,0.00140914782133431,0.000520437114898429
"129",0.0191918690978709,0.321684315315765,7.21041625745337e-06,0.0137152175166202,0.00269091166344119,0.412264018231554,0.00014388329156334,1.99378796710589e-06,0.0183234057120297,0.00604695675119514,0.0135346092251722,0.0298786024100037,0.0428568551314943,0.0466512174589301,0.0729049013095914,1.11975310370568e-06,0.000102912927440593
"130",0.00979632943901868,0.444386031766653,4.46447338496632e-07,0.000533524038655466,0.00234748117999262,0.395377250496295,4.62522548428733e-05,1.48948993754498e-08,0.00991700249327134,2.12889952113522e-06,0.038761937685843,0.00208039496178797,0.0247997269193119,0.0306568276474104,0.038315818838628,2.09662137765433e-08,0.00297881107031659
"132",6.36187021525445e-07,6.82896497843714e-06,0.000221470263545695,0.00260395286214964,5.68174286292694e-06,0.295706970085758,0.355491099002505,0.30454088049252,7.05701358985348e-05,0.000884848142315179,0.00990515825871348,8.74616354899559e-07,0.000856611035495999,1.51564353944022e-06,3.32390565840933e-07,0.0297025701725108,3.26429601298792e-12
"134",4.52654430140741e-08,0.157333870960912,3.51130830634773e-09,2.62841709044829e-05,8.06236715663478e-07,0.717207477818671,0.000190433515482638,1.00017801469206e-14,0.00123348675316966,6.68063782148139e-16,0.0358568097727539,0.000204393348313485,0.000331269329799945,0.000211413187568422,7.22429886535407e-09,4.52511977226289e-13,0.0874036989041954
"136",5.1155230173636e-07,0.0231925555492761,0.000524039519629627,3.91092833278983e-09,0.00154871584357765,0.00693972884461612,0.951252884376597,0.000268286505938525,4.94810197341825e-07,6.59779037323597e-05,0.0112322109085165,0.000229940549686907,3.03116011431364e-08,0.00110859630026777,2.53450063804222e-09,0.00362858417898272,7.4363996497703e-06
"137",0.00552612312930466,0.253903071706969,8.52584842046161e-07,0.000524045848760159,0.0889303155617436,0.490471047844487,0.0121530040086874,1.10723018707958e-09,0.0119060648932177,1.04222802846379e-06,0.0209208125465188,0.0293702362248036,0.0111573321161882,0.061604806621269,0.00247492847796997,2.52560060947119e-09,0.0110563125743792
"138",0.00699297826683623,0.226034926287257,1.02055200527233e-06,0.000475091789588339,0.108931402356777,0.589171611044973,0.00534205219899468,4.54582795092674e-11,0.00459761312648725,3.4587352979219e-10,0.0531831280763788,0.000121023599157859,0.00105652770250419,0.00383624028017041,4.02408941672685e-05,1.83566797581786e-10,0.000216143249803575
"139",0.0479899699735627,0.152303685213367,1.70884552533087e-06,0.393285070160494,0.00701121129146514,0.29097835793987,0.00838165015553832,5.72950104645249e-09,0.0352800778784139,4.02153473394197e-06,0.00932339503087616,0.0360796669158397,0.00153347475031721,0.00609843261110099,0.00145615791924077,1.53826274865463e-08,0.0102730986675262
"140",5.64834329013868e-05,0.000900188354022082,0.000206303440169305,0.443769992671885,0.397722779332886,0.115565556116771,3.55720618854053e-06,3.23837383293477e-05,0.0364370187535488,6.29709175750488e-06,0.00200503687834823,2.58673700133681e-06,6.11628824601971e-06,5.88733078276165e-05,3.72134070518592e-05,0.000216140168422852,0.00297347307464366
"141",1.61795230264114e-05,3.30694084827824e-05,2.98415953617562e-06,0.97730944425239,9.67001640343523e-08,5.08921331273609e-06,4.89554982567996e-05,6.25233607021322e-06,8.57355603482256e-05,8.47416470726989e-05,1.49631020074509e-06,0.0223725299546879,1.52280274145998e-08,2.89121230691524e-08,3.57582837817727e-06,8.71930674507875e-07,2.89335372476753e-05
"143",1.6150753735688e-05,0.0241046314916096,0.000345304024832289,0.0411114023706749,0.0224488774964358,0.00168019751216005,0.885217886988288,0.000100384286958828,0.000400808056792924,0.000785885425255674,0.000273109123015373,0.00556963784039543,2.35974221178142e-05,0.00515076676287949,1.1255917239718e-05,0.00123908932420154,0.0115210152034068
"144",4.26355403493652e-05,0.00536078231924594,0.000165563417948658,0.943196427249904,0.000298892142409622,0.00190295315735949,2.64926765663188e-05,0.000152014575982793,0.0418743880376928,0.00312833769296568,0.00106493748998226,0.00263711964413241,4.13116111430373e-05,3.93411857072729e-05,5.84895029833082e-06,6.27747090151419e-05,1.79599296432861e-07
"145",1.23404958228597e-05,2.92556505786674e-07,6.49516766174632e-05,0.966255286821398,6.04331884359951e-07,9.70426438062757e-06,6.14433236544636e-05,6.31679463993602e-06,4.22889057507293e-08,0.0300982481991875,2.31843095880135e-07,0.00331130636698726,5.64516600976528e-09,1.73341581395782e-06,3.09841413387369e-08,9.62570061697942e-08,0.000177364734792433
"146",7.75623161904214e-05,0.00985027087466715,0.00136288364037799,0.390498104239935,0.00356697902012782,0.0197019710611156,0.554467256011623,0.000352855451145646,7.7005615527552e-05,0.00210304044420437,0.00177159746948768,0.0114659569365925,6.62029844394741e-07,0.0029234707340038,1.3036926437976e-05,0.00176088473787408,6.46249084532777e-06
"147",0.00594853494968643,0.013117244629443,0.00188913619691282,0.736515832107759,0.000488662957562066,0.000657238387136406,0.00836537529069343,0.00199263190250026,0.00105429191792029,0.000357037651736958,0.00148875438752752,0.0414178097614437,0.0483276165986068,0.0412859472146746,0.000222991956921636,0.0207319547073969,0.0761389393820782
"148",0.0213701273370459,0.0464876013919876,9.01852433753668e-05,0.49953493286745,0.0126938669892429,0.250018153258329,0.0297248444890239,8.41779188537249e-08,0.0818873481278626,3.3314974867812e-05,0.0379065140172028,0.0084568184834661,0.00451441679367681,0.00726395635943387,2.41038134594181e-06,3.35214578781224e-08,1.53915863123316e-05
"149",0.000331956849406113,0.133992793284313,1.3045348216823e-05,0.000162529156786952,0.00118187644065445,0.378567402218469,0.116178509438004,8.96543416820101e-06,0.00617708846711091,6.64193499161828e-08,0.0749568710829358,0.0170010432467978,0.0628820263652749,0.0785138256328743,0.0619614950921694,1.2442841343215e-06,0.0680692612393337
"150",0.00563068002059718,0.139304474202202,0.000506513383925204,0.0763684838847404,0.0112843215652038,0.482164082165301,0.00166416275615232,0.000218066634260896,0.124585226709432,4.82712343451772e-05,0.0558476769779665,0.00174023429291079,0.0274305954106972,0.0246478344626305,2.50490002771844e-05,0.00136301419867095,0.047171313100687
"151",0.000372236232554493,0.117007490288365,2.27804235534818e-06,0.0694755971708811,0.206444496812455,0.35794140921441,3.57062845161311e-06,2.3644866529109e-08,0.0140934025911511,1.84454180954172e-07,0.0131842141574193,0.0135737559833082,0.025254019940399,0.0249155912476406,0.000473988581220684,4.40934207306936e-08,0.157257696916921
"152",0.0138752864006011,0.156086080885252,1.56918779042149e-07,0.202857483936147,0.00410594423983646,0.504573879347737,0.00595686635213799,3.18968691873092e-11,0.0161357708944713,1.67883982551481e-10,0.0146601963477012,0.00446546054113852,0.0114802230493282,0.0431304917228177,6.50149808190586e-07,4.12503550626399e-11,0.0226715089732131
"153",5.38922082895791e-05,0.258582393201955,0.000533614054791084,0.297814285674759,0.000795643868123423,0.303953280028113,0.000851492140799908,0.000318563999710743,0.00491993688699762,0.0123359409403214,0.014672716402211,0.0264316423337488,0.00279394403308624,0.0391314026242015,0.0367653195794043,1.73466019707324e-05,2.85854215164881e-05
"154",0.116687244139264,0.374924547867542,7.7531088598873e-05,3.22002056781426e-05,0.00918655167720452,0.0797199078425266,0.0172776366226067,6.17091268022005e-07,0.00478229149657679,0.000125443318628362,0.117943023948492,0.0956545010633408,0.00168832354895415,0.046500815655831,0.0476759148053865,2.77746516488879e-08,0.0877234218534492
"155",0.0456525759430451,0.37860037297714,5.22524175904272e-06,0.0361444622439028,0.0549656706986719,0.360451866289355,0.00147019825570641,1.39493554109836e-07,0.0255704182649997,1.31478105422788e-05,0.0317075280463823,0.00380752117708316,0.0178060385342357,0.0342389240299797,0.00890736308262406,1.0067890015684e-06,0.000657541122016967
"156",0.00366301084670981,0.036247134874489,0.000341406350550428,0.305142008611957,0.00217341056109856,0.0069612035705144,0.00723759128140693,0.000613664543254006,0.183094271621869,2.64256512066693e-06,0.00445028801607927,0.0663272737500811,8.35975693167272e-05,0.0355815921510263,0.00223556396416128,0.000295866833074384,0.345549472889292
"157",0.0027195416175132,0.133242989435132,7.99637270537589e-05,0.0856068040162417,0.0381253175099885,0.249693625257152,0.440667639419434,1.40859863049698e-07,0.0168262264376442,4.17980400205558e-05,0.0126696862959206,0.00533362409784595,0.000625124168864197,0.0140950152234488,0.000162295170826893,4.3404519626112e-07,0.000109774677852976
"158",0.0022462699990821,0.189698243911919,8.75774371374227e-05,0.423688081824984,0.0253252470176772,0.203635710209541,0.0304840228995868,3.99010488917572e-06,0.00634172010102321,0.00457847132647157,0.00641361455439952,0.0222327074003362,0.0161305999497879,0.0234593128858168,0.0456490643511528,4.190027171947e-07,2.49470234774047e-05
"159",0.000281039752048712,0.00689473541173266,0.00021062438994068,0.0258345316608316,0.0418656805548487,0.0750418972546876,0.667124964585134,3.82850380579599e-08,0.168967254826865,0.00588326612657902,0.00744131016061696,6.92967839975768e-06,5.23764059947788e-08,1.50658961671475e-09,0.000416792300031728,5.59316618672191e-10,3.08805709333338e-05
"166",0.135915678488924,0.000437231342130537,0.00229784082436777,0.0402694591913183,0.000190959979489157,8.77028715516838e-06,0.287125420545399,3.3250200702168e-07,0.452207245284076,0.00032340069030069,0.000194783925555708,0.0524398451633961,0.026155183953805,0.0013646153433302,7.61239233494e-12,2.43921506822616e-05,0.00104484032045108
"175",0.00413550815011331,9.70062347361516e-06,0.00101356543760655,0.525167211771647,0.00757004587657835,0.0172046614329014,0.32242298965936,2.00981087954458e-05,0.120580830768967,0.00140334133373118,3.6621064069921e-05,1.43178993130963e-05,2.3255437407742e-08,2.37542519466537e-06,0.000285638616427268,0.000133040391672381,3.01847112408864e-08
"176",0.0200985399317803,0.286568048774804,2.12947947853433e-05,0.0108375224868774,0.289630684449127,0.144290792181565,0.0010755703120228,4.73696294395374e-05,0.0038883472604372,0.025539024867281,0.00252244552996524,0.0317123973362522,0.0446074538006133,0.0196794025933687,0.119472819243751,5.57856332117505e-06,2.70824460830827e-06
"177",0.0134491478720142,0.00539394627855476,0.000126486946408807,0.408300922445347,0.00755646558717234,0.505309050984792,0.00805121519742931,7.02584977382803e-05,0.000119510855219008,9.86216397189082e-05,0.0295625985540578,2.55171394326722e-05,0.000240699131858608,0.00602099957907124,0.0111716266893553,2.36211230694015e-06,0.00450057048952273
"178",0.000327484133814238,0.113278894591351,3.90472305021941e-07,0.332316498623649,0.000108213419266478,0.448253134157942,0.00170973787567175,2.80697173877919e-11,0.0250164960282876,3.12573775728194e-10,0.0292130229911663,0.000835295624714978,0.0108585334302501,0.0271951630605368,9.68491632108035e-05,1.93115339885536e-10,0.0107902858940758
"179",0.045315754183141,0.238653915848102,1.65780640869257e-07,0.0993781500035357,0.0135175504115934,0.475055006313982,0.00190788233783405,1.25954821698931e-10,0.0152244815538332,6.14183846877972e-10,0.0555042070717314,0.000414873382350938,0.0130524603979936,0.0203753116982605,0.0176822132943242,5.9551707439654e-11,0.00391802692298657
"180",0.199716738243567,0.060182785543576,0.000255573291138584,0.00768700656008653,0.000182295119376483,0.543903191834804,0.166924759486247,1.1951919957948e-09,0.00658122049636043,2.45525439768842e-08,0.00500953247382502,0.0043792611944702,0.000736221138179872,0.000331631740598927,0.000133254393738065,6.77234853947919e-09,0.00397649596394781
"181",0.000675304454912791,0.0262871342316015,0.000444571262690544,0.600002555752075,0.00136573204317907,0.273478199265099,0.00157582650254922,6.95447338575301e-06,0.00436284636673498,0.000889869221320998,0.000182018978051347,0.0442102124344703,2.18080696825424e-05,0.02256958221797,1.30137009832287e-11,1.30162327159692e-05,0.0239143684805469
"182",0.26701988571496,0.00331369770513696,0.0117326913320528,0.000220169956323981,0.00119882463845872,0.00654031474548089,0.694882964987577,0.0034049644142828,4.72800172464991e-05,0.00141374255200749,0.000425307131155204,2.41271671682133e-05,1.32002399813459e-05,0.00205649319115643,4.8367194638558e-09,0.00755156389059401,0.000154767479697921
"183",0.0623818537130114,0.250635817263137,8.68008506264449e-05,0.0396642750128947,0.00593588912096357,0.289406663664419,0.000753235262741423,7.95436521737512e-06,0.00371584479654291,2.56558361855503e-05,0.0148403484797418,0.0811163947907528,0.0614483378027592,0.030868052903958,0.0359572519475545,5.82112682322276e-06,0.123149803062671
"184",0.0395406670220946,0.12692716658833,0.00826937648842285,0.0223796065646235,0.00297703484090871,0.49217618526816,0.000293601943624829,0.0186054457655533,0.0233237396230044,0.0197300532791611,0.0176582529429753,0.0249245221487947,0.0546459174671655,0.0234045016044383,0.0795311308786475,0.0157519632420553,0.0298608343320408
"186",0.372924271770244,0.0679347458583698,0.00330176007368847,0.00181204244735037,0.00164601202629071,0.276971558835646,0.00152684645444335,0.00906449008384663,0.00220698394032612,0.0422116686478722,0.00228442896141234,0.0570007939915528,0.00261647006540895,0.101600015264534,0.0534200775294432,0.003477676059524,1.5799004789131e-07
"187",0.383090544906405,2.461629228274e-05,0.392387328639007,0.00414601959172752,2.65978673490816e-05,0.0142137860345881,0.000851814683046636,0.076930347793785,2.36866874850299e-05,0.0173501613945366,0.00247769769386659,7.83683437223401e-05,1.61512034845866e-06,2.85420856691482e-06,2.66946931178554e-05,0.108357767850452,1.00981997136839e-05
"188",0.0102072598249052,0.208973127425093,2.99079994050386e-06,0.002542046759224,2.17687044840755e-05,0.270331394945021,0.228489498082841,1.73775525912211e-07,5.06713735814178e-05,1.17514920932644e-07,0.197875183908241,0.00753564999075616,0.000110305254902783,0.00183755438593685,0.00938963180654625,7.48579788280413e-05,0.0625577674692524
"190",0.173194456598186,0.0860957281401338,0.00102583793264903,0.000140362729291282,0.00207027140948722,0.134491969463671,0.0990462507365604,4.25996832353672e-05,0.00127861027574197,7.10559275076548e-06,0.0284078849952401,0.0301121671969225,0.087748074305645,0.0414801804974982,0.00021002510025377,2.40668521038594e-05,0.31462440849063
"191",0.0511687688816738,0.0936862030850392,0.000432769773944589,0.000212306768318499,0.00288861619260502,0.170583620876025,0.242136004731674,0.000197265684891543,0.000248355559122318,3.03138465430604e-06,0.0587416326127581,0.0490435935276401,0.0366341295013069,0.0506841698473394,0.0188700193145784,7.92814663384727e-05,0.22439023079209
"192",0.0846922702578499,0.232942387895003,0.000122237961579172,0.000529115892609126,0.00190669206882666,0.180552398326271,0.154802817505722,3.11512967412985e-06,0.00474185405216198,2.51365318916461e-07,0.0739088565767574,0.0333482670074451,0.024618778699312,0.0522202950408637,0.000435163190701999,2.57495740937665e-06,0.155172924072494
"193",0.00254104180126088,0.186721641691201,0.000298546649357585,0.00100224540142753,0.00375747775247385,0.551592924358777,0.000233855604907668,0.00531040006212535,0.00550109162357934,0.000218047909048881,0.153067041796974,0.0222693810558969,0.0120943240605074,0.0305251136983784,0.00946394460665117,0.00672702132422825,0.00867590060320494
"194",0.0035832248209903,0.316981256726562,1.24010742320615e-05,0.131058474790132,0.00167350234416598,0.355439279065918,0.000675868251772885,2.48699054909519e-07,0.00685609931372097,5.24829697053943e-06,0.0243059959159295,0.0230178345300087,0.0347999065531664,0.0252967169428641,0.00996080156025877,9.22789055420547e-07,0.0663322183251976
"195",0.0730139078628112,0.0803345573859791,3.27748348610575e-07,0.0263812431812319,0.000581559066172115,0.737691540710194,0.00244119365374997,1.04647726533241e-13,0.00757307679070363,5.54113470750469e-11,0.00282453044759368,0.0111908414367211,0.0227297405171209,0.00269228111600962,0.0325295354197764,2.97519781061427e-14,1.56646080420662e-05
"196",0.00964072713068839,0.0978032614108092,1.67750161555863e-05,0.50883973891766,0.000258212832424192,0.323608023946642,0.000131797805097575,3.13091765314692e-09,0.000542672184699361,2.06280937105913e-06,0.00598283144012211,0.000792722124579604,0.00717238972362926,0.0345444781091341,0.000116206079348562,5.17780309708586e-09,0.0105480921609185
"197",0.000234677488609705,0.00021283043243357,0.00762089516524706,0.835153998187626,7.98599252610469e-05,2.42207970655173e-05,0.0789239326982797,0.00217534532534688,9.28620253620533e-07,0.0446840635635291,0.000109510521638137,4.69233729471576e-05,3.1957624691777e-08,0.000530646320512238,3.74094733031616e-05,6.93702738395649e-05,0.0300953558764832
"198",0.0354535467994766,0.40996601393111,1.91589733724732e-07,0.0742196301253077,0.000711613887183137,0.306858684202771,0.000492438441732165,6.50371294470402e-09,0.00239354617599067,2.29028065980012e-06,0.0118833966571362,0.0108757640884736,0.017887907567603,0.0267211529949921,0.101499906906805,9.98930006961946e-11,0.00103390974742023
"199",0.078056131338931,0.167743905632498,2.2366611419309e-07,0.000810339826293577,0.00214800792288639,0.672545146833525,0.00621063315973719,2.66579116029345e-12,0.0120122655246083,2.26878831514194e-10,0.037648994512906,0.000753543995747604,0.000891106971485917,0.0169021423151909,3.01877365114678e-05,1.39501675566092e-11,0.00424737032006865
"200",3.63766538770954e-06,0.115866904807649,1.04984063516449e-07,0.28034340999445,0.000247535040494025,0.575523213485802,0.00530385225678679,4.96057479975445e-15,0.00626081296366952,1.2261672177061e-11,0.00430940122294402,0.00223708782505263,0.00039259365707572,0.00817093028181761,8.40619355947526e-05,5.1526989838847e-15,0.001256453866941
"201",0.219625630948058,0.0889426101472588,0.000435284220342132,0.00438983490206693,0.0126798877847256,0.624906803682402,0.0132172293784607,7.64813666548657e-09,0.0152354696810646,6.16180014939726e-05,0.0180568621684394,3.42523135042269e-05,2.1925970364101e-05,0.00155995052691978,8.30755869094982e-07,6.41090147036995e-09,0.00083179545999266
"202",0.017346332661519,0.283961208553169,2.09676216997324e-05,0.000883107785110254,0.00490268007341675,0.319571667640777,0.00645053311495168,6.07262268668737e-08,0.00713493953439051,1.48127795846201e-07,0.0687753117714219,0.0333438579809131,0.0635865309456065,0.0413487007025203,0.000109726936313408,1.13376553667695e-07,0.152564112447615
"203",0.253597757110227,0.044831162735357,3.26530093736333e-06,0.000252342776650584,0.00171071577631065,0.000206691052788324,0.0105056985110552,1.21836770206206e-06,0.00291034607144828,1.38283715911067e-08,0.0203354091523229,0.109157588379555,0.00449440925829278,0.12271786436913,0.170090171048912,6.61013743222523e-08,0.259185280159565
"204",0.0256237549585257,0.243461053390235,1.26642736962084e-06,7.89568244449655e-05,0.000762780452599121,0.0334836964407362,0.0193707903550753,2.26554510096076e-08,0.007911429714855,2.62515538278201e-11,0.144217982739761,0.180226674800657,0.000976961572923579,0.0670519853578378,0.0473939721652444,4.92767693659482e-09,0.229438667190356
"205",4.66291717845684e-06,0.0578239369588987,3.40999663578575e-06,2.95761753407021e-09,0.000703636253937598,0.000123309904515149,0.466277686890209,6.19263550645538e-05,3.7922271882996e-05,4.15163776031025e-07,0.0149619056074248,0.0984468482253253,0.0479491119539982,0.0213312695082791,1.73763623847932e-05,0.0092261946231131,0.283030384049759
"206",1.84582437632835e-06,0.00382464892818074,0.0418108014702183,6.64412229403535e-05,0.000482261664690366,0.485967877912037,9.4299813024035e-05,0.18703424550382,0.00443671192421763,0.0138952903551408,0.165910310144881,0.00497663551104547,0.0125503311212537,0.0174934710514475,0.032719948589195,0.0241690144794711,0.00456586448406092
"207",0.262698265932641,0.270748964414534,0.00492850911495599,0.00351140159091033,0.00823212965528302,0.223469112598158,0.00134677977761644,0.00343852991475751,0.00460373132936217,0.0244364980748054,0.0535366156131203,0.0594663597587703,0.00143164182254242,0.0292028576319202,0.0280421442123257,0.00122538455105836,0.0196810740072379
"208",0.0377496931777657,0.0124098429210889,0.00175895354029402,0.00320032033204906,0.00012654255863832,0.520829595197019,3.03547955542902e-05,0.111800978544121,0.000520036537416642,0.00019371010609536,0.152297832296895,0.0316758910758185,0.00182487526031463,0.0315030943378344,0.00547652533140823,0.0174921082927007,0.0711096456949869
"209",0.00682322363980403,0.221464625852498,6.35695311387512e-06,7.94244541947104e-06,0.00247091634399684,0.502343519938795,0.0676615270937436,2.15543160161866e-08,0.00664244646497183,4.75612128179611e-08,0.0827590555028269,0.00141332419954345,0.0117484194024447,0.0506031093922425,3.45316309763428e-06,7.80442567978403e-07,0.0460512300494046
"210",0.0250702710229665,0.214735549296122,0.00048626995669364,0.00270672306247943,0.0044183569011113,0.246557586338582,0.00185967826410256,0.000368455910794901,0.0964358119510125,0.000388324331546906,0.0550510429802351,0.068897244079837,0.0267415327960416,0.0590691437519441,0.175929264960298,0.00182270998806087,0.0194620344081721
"211",0.046797437592065,0.0639219890919539,9.46232449199047e-05,0.00189678743938633,0.000660803900605836,0.703665310413692,0.00098154026053221,0.000111275510061172,0.00302572075051808,2.94911846622274e-06,0.096886675269599,0.0242896500063063,0.0115900709274987,0.0211265296002768,0.00335255356112797,1.17969216279143e-05,0.0215842863913631
"212",0.0372595697764814,0.142104455349751,9.57623355999219e-07,0.000275160533526179,0.0048960228202081,0.241108167153922,0.126881781885651,2.22246948588817e-07,0.0118137527603073,1.88455716073928e-08,0.12649170779251,0.0161317704274007,0.0274378062374921,0.0950692522825175,0.13401747211685,3.71139246895558e-08,0.0365118450335821
"213",0.0773134364658368,0.225133606220699,3.68277508102523e-05,0.00360868535949326,0.0017333467879455,0.338955578827608,0.000120754854272482,0.000217433739960522,0.0132299091175636,0.000517641017125057,0.051000149269367,0.0495951938073165,0.0629759321744962,0.0475110190206942,0.104343496451727,6.08032312641961e-05,0.0236461859038214
"214",0.0116051946693486,0.274042280962216,2.37126922649953e-06,0.0357582544085063,0.00750147776174221,0.361601551689173,0.011143187626888,2.27569065797375e-08,0.0148438227085953,2.50024820762797e-08,0.0279184597510472,0.0615316192862384,0.0751674339229432,0.0314857068786226,0.00965690546293648,1.20293142771558e-08,0.0777416738138138
"215",0.00192221162868468,0.337987835127397,1.05173603996048e-05,0.210601384065396,0.0113323314137277,0.167244482307651,0.0133586462077923,2.19005693524499e-06,0.00530312126293383,5.10304901687578e-06,0.0444938273157823,0.0615918072596329,0.0333956397520197,0.0359000952019944,0.00641862002685594,8.72229279757085e-06,0.0704234656709824
"216",0.000680145418284028,0.0699657396457554,0.00758461739716797,0.0294739721582233,0.0322562120868212,0.115736207540388,0.573662244683922,0.0164251297059001,0.0016225864280626,0.0253529185188612,0.0434105372823275,0.00418574676976804,0.000170885978649577,0.00866346304746646,2.94972461422937e-06,0.0317596175819261,0.0390470260318615
"217",0.300986375017752,0.0578134919421408,8.01449308760537e-07,0.0116461429157582,0.11258248565123,0.26950139334922,0.0936099034933281,7.91574368338694e-12,0.00879784618718477,1.00688286474582e-10,0.000153666926421123,0.0104289415709114,0.00165708412020732,0.0329147870192616,0.000363539598443209,2.87900568648785e-11,0.0995435406214396
"218",0.00102974754429177,0.0681943413545351,1.55020355710506e-09,0.00615233402757725,0.081947069183784,0.411321581285906,0.422380210821512,3.60466461517256e-20,0.000223666976452395,3.47879365808148e-18,0.00796265958228361,1.07546973993856e-06,2.76811694036743e-07,0.000347585329549496,0.000439450062470655,5.59943274299757e-21,1.14273122656515e-17
"231",0.133808138145251,0.112279205833319,0.000144243991708575,0.278871488697052,0.046458403456405,0.174148240256667,0.120214170085531,1.27690691877611e-06,0.0067079122175371,4.07756442162365e-05,0.013838808171939,0.0149514300163913,0.000534987637757273,0.063876584763083,0.015730146931437,1.11250666203932e-06,0.0183930747381248
"232",0.571700729403855,0.0329076170990917,9.77817789198114e-05,0.00238923806500336,0.0184221050266775,0.276862652234607,0.00708135823689717,5.64810573067557e-07,0.040276075480073,9.21468763390967e-07,0.00898265361641572,0.000161545444232207,8.87234260751761e-05,0.0113745361494761,2.40398417213596e-05,5.44097268956631e-07,0.0296289138203496
"233",0.141772883019591,0.0014446947344179,0.00252664560571534,0.000129377452029521,0.00285248574146394,0.0406975648625639,0.732481110925378,0.0547680325212513,7.92944732746109e-06,3.62180381689375e-05,0.0120707607660109,7.1432108250997e-05,7.64924978827439e-11,0.00828036792897636,5.9474670778736e-10,0.00283210516288762,2.83910147280792e-05
"234",0.0158947131353689,0.289779819995327,0.000835673407595746,0.00482393864842594,0.120101830795337,0.284108272813326,0.0372649695094456,0.0306881814175231,0.00492857019624427,0.00584849131678396,0.0199088029600471,0.0380933907075457,0.0302947272860658,0.0223995335200062,0.0834221425600715,0.00891529682311481,0.00269164490777195
"235",0.000471955092062973,0.168173200306557,1.24602029339228e-05,0.11633309308198,0.017177973009759,0.426746409212871,0.0268023410138135,1.32147729653551e-05,0.0104219800908926,2.92866976795806e-06,0.097548322246728,0.0537351610927993,0.0121061565585042,0.0312045892364687,0.00509633144026784,5.94205965109072e-06,0.0341479419119772
