"","CD4-Tregs","CD8","NK","Mon-Mac","DCs","Neutrophils","Tumor"
"AAACAAGTATCTCCCA-1-0",0.0433321584778122,0.321168604066635,0.228215742552333,0.0869676045909805,0.0676586075855998,0.000286983982126127,0.252370298744513
"AAACAATCTACTAGCA-1-0",0.0261117574572664,0.463001488369586,0.162939826235612,0.0241197229532284,0.0318867597559956,0.000142961398283632,0.291797483830028
"AAACAGAGCGACTCCT-1-0",0.0342786384049998,0.417156746138844,0.160400791235426,0.0751719481032273,0.0974145682486272,0.000207972226517838,0.215369335642358
"AAACATTTCCCGGATT-1-0",0.0403677439207021,0.367163383083938,0.217502335704555,0.0482585219759958,0.0491469910078564,0.000502994610510995,0.277058029696441
"AAACCGGGTAGGTACC-1-0",0.0205252988547546,0.416966919499647,0.242514204691465,0.0165198543601773,0.0322822241969371,2.6302540946995e-05,0.271165195856072
"AAACCGTTCGTCCAGG-1-0",0.0246071560880882,0.561539167354199,0.161506235009029,0.0179373404254248,0.0160430730065491,0.000288891992143897,0.218078136124567
"AAACGAAGAACATACC-1-0",0.0562435418797121,0.351808094162368,0.281601595994833,0.057527770183478,0.055378440279662,0.000778252706484527,0.196662304793462
"AAACGAGACGGTTGAT-1-0",0.0371630005615482,0.330438876981332,0.262302067370899,0.0273139416510299,0.0476313790282651,0.000160248084508055,0.294990486322418
"AAACGGGCGTACGGGT-1-0",0.0259506407938978,0.431019986046914,0.259879694811177,0.0165101143072419,0.0663850153051392,8.34360081580795e-05,0.200171112727473
"AAACTGCTGGCTCCAA-1-0",0.0320907166619027,0.435181220438355,0.172454755490108,0.0314524595836271,0.0415867136092789,0.000350816087442172,0.286883318129286
"AAAGACCCAAGTCGCG-1-0",0.0316546937956742,0.495189715493497,0.170534472935253,0.0216943609221895,0.0562904436965457,2.45930639951725e-05,0.224611720092846
"AAAGGCTCTCGCGCCG-1-0",0.0246782755241793,0.458455847573345,0.188314931710202,0.0130318911183288,0.0307261152014651,5.77767425254846e-05,0.284735162129954
"AAAGGGATGTAGCAAG-1-0",0.0222836190805306,0.55175632305346,0.131951498970648,0.0284276027055959,0.0391006009834332,7.56973390117789e-05,0.22640465786732
"AAAGGGCAGCTTGAAT-1-0",0.0462309382220121,0.399296741164334,0.176663542832784,0.0770895639349787,0.0585353309917912,0.000216439515312876,0.241967443338787
"AAAGTCACTGATGTAA-1-0",0.0308129941415465,0.511667436825423,0.12955417053875,0.031502364187776,0.0536406125851537,0.000303988518322921,0.242518433203029
"AAAGTGTGATTTATCT-1-0",0.0372482264101638,0.346096534804243,0.211879176036955,0.0399818095332542,0.059256010144001,0.000549876192738618,0.304988366878644
"AAAGTTGACTCCCGTA-1-0",0.0261440156392201,0.338848037339184,0.270046596894709,0.0416245175639611,0.0666647004088011,0.00237530693045867,0.254296825223666
"AAATAACCATACGGGA-1-0",0.0534492448442994,0.357021970274945,0.162531644389213,0.0361418325208453,0.0961566563904009,0.000814404246408819,0.293884247333888
"AAATACCTATAAGCAT-1-0",0.0403279397072298,0.453163677837102,0.198996628119664,0.020088813320138,0.0392684442083009,0.000226661955365468,0.2479278348522
"AAATAGGGTGCTATTG-1-0",0.0403187796122448,0.395968017151571,0.24070558412148,0.0492224017561929,0.0433184327397259,0.000230541117251835,0.230236243501533
"AAATCGTGTACCACAA-1-0",0.0264314679144332,0.416463277700314,0.180485096367974,0.0213805778613864,0.0246119682090338,0.000108530061961625,0.330519081884897
"AAATCTAGCCCTGCTA-1-0",0.0244937600165511,0.40564323565442,0.226793361681701,0.0241024914896707,0.0735853940801674,0.000271900752921167,0.245109856324569
"AAATGGCATGTCTTGT-1-0",0.0365284167248319,0.406371736191736,0.229613389080729,0.0351290378693071,0.0516868667278499,0.000190970790327938,0.240479582615219
"AAATGGTCAATGTGCC-1-0",0.0250703205525639,0.51832094626289,0.157890711949084,0.0180640696503738,0.0303528473848339,8.83820565245057e-05,0.25021272214373
"AAATGTGGGTGCTCCT-1-0",0.0369145418584223,0.470127073870153,0.208079142700793,0.0243016443418736,0.0360654885812504,5.88368276512931e-05,0.224453271819857
"AAATTAACGGGTAGCT-1-0",0.0261616159687707,0.505941767553969,0.221986641714667,0.0233560099468328,0.029781896185753,0.000113493406496551,0.192658575223511
"AAATTACACGACTCTG-1-0",0.0234820747699063,0.392529906830633,0.221082691407218,0.0247979049823067,0.0483190237477868,0.000319557079759581,0.289468841182389
"AAATTACCTATCGATG-1-0",0.0260354026245291,0.336291941101957,0.189478258989728,0.0476421664208074,0.0834395447790366,0.000844691622599301,0.316267994461342
"AAATTTGCGGGTGTGG-1-0",0.0239397837903582,0.51975401333606,0.23474995124171,0.0127009654877457,0.0260975956552873,3.16969425461306e-05,0.182725993546292
"AACAACTGGTAGTTGC-1-0",0.0230376460871222,0.489714625883477,0.16986826814624,0.0188990505105842,0.0275397349980484,8.95037642907302e-05,0.270851170610238
"AACAATTACTCTACGC-1-0",0.0410890589133517,0.415354370722766,0.245397657436996,0.0399345010411709,0.0428623223546331,0.000156432974594992,0.215205656556487
"AACACACGCTCGCCGC-1-0",0.0280875530211015,0.427273155424182,0.199384812139511,0.0357124064518118,0.0444110245642696,0.000494535322550291,0.264636513076574
"AACACGACTGTACTGA-1-0",0.0393958511275257,0.35223656583554,0.212524132451564,0.0369692917382326,0.0378772166078885,0.00092840838307774,0.320068533856171
"AACAGGAAATCGAATA-1-0",0.0530528243745704,0.31339482820266,0.178828979467461,0.0484041104183775,0.0441560261373384,0.000268153991194692,0.361895077408398
"AACAGGATGGGCCGCG-1-0",0.0329473651248062,0.361262291994253,0.241518127662802,0.0605284846248677,0.0656646379112207,0.000460643115947189,0.237618449566104
"AACATATCAACTGGTG-1-0",0.034504313711327,0.425386095004433,0.136573718327225,0.0606384504189435,0.0802791819583401,0.00214843531071363,0.260469805269018
"AACCAAGACTTCTCTG-1-0",0.0287547268003817,0.422341105940942,0.198737485372696,0.0473904214472226,0.0404846933030575,0.000162667111385471,0.262128900024315
"AACCCAGAGACGGAGA-1-0",0.0406916646296406,0.388679323472806,0.231734327484505,0.031408532637773,0.0647617611281377,0.000105040267088145,0.24261935038005
"AACCCTACTGTCAATA-1-0",0.0219564522395248,0.409801124051112,0.190923066322188,0.0180425822085898,0.0250776267017963,0.000112408532907274,0.334086739943882
"AACCCTGGTGGAACCA-1-0",0.0403809131782527,0.330499490004443,0.17434353887396,0.0723214323343757,0.0509027239704862,0.00115915804921209,0.33039274358927
"AACCGAGCTTGGTCAT-1-0",0.0257042023777435,0.407340641108073,0.150491574891428,0.0573740338628926,0.0258085868876901,0.000372956021360073,0.332908004850813
"AACCGCTAAGGGATGC-1-0",0.0331626218068851,0.367092647223195,0.163841137570697,0.116427382938537,0.112107585831781,0.00161051510315155,0.205758109525753
"AACCGTTGTGTTTGCT-1-0",0.0310609679784474,0.444390833781395,0.19380331212222,0.0454135105857313,0.0563153927541361,8.39571431485923e-05,0.228932025634922
"AACCTCGCTTTAGCCC-1-0",0.0331900764881875,0.441059376229734,0.218988665336136,0.0453250028405517,0.0474105549768379,0.000353787288116038,0.213672536840437
"AACCTTTACGACGTCT-1-0",0.0359322454004399,0.388814941274867,0.164288773713151,0.0488207037284174,0.0915748896248655,0.00049831774209115,0.270070128516168
"AACGATAGAAGGGCCG-1-0",0.0336136049500758,0.377134804018917,0.215367185374593,0.0538371885651642,0.0766478519214036,0.000291669424891216,0.243107695744955
"AACGATATGTCAACTG-1-0",0.0301241817685566,0.420028796041603,0.137670114297555,0.0276114087692,0.045285914907538,0.000258219997673183,0.339021364217874
"AACGCGGTCTCCAGCC-1-0",0.0430018349466715,0.347355713560742,0.20749237743171,0.0566536091395448,0.062776995665307,0.000604994757060658,0.282114474498964
"AACGCTGTTGCTGAAA-1-0",0.0374016811502046,0.42306655677353,0.208592584793924,0.0221177057303787,0.0459536479191491,4.91883809392839e-05,0.262818635251874
"AACGGACGTACGTATA-1-0",0.0316773918891721,0.390696743755092,0.197158478947074,0.0373894031825835,0.0709400821348715,0.000148016775126589,0.27198988331608
"AACGGCCATCTCCGGT-1-0",0.026155834505209,0.554620488059431,0.201583774203709,0.00607095204633616,0.032608721452183,1.82479402445959e-05,0.178941981792888
"AACGTACTGTGGGTAC-1-0",0.015138369860752,0.502366869504389,0.1852131401978,0.0192039499986049,0.0319418033862775,9.32644052897278e-05,0.246042602646887
"AACGTAGTCTACCCAT-1-0",0.0246297795916522,0.426060922925794,0.206262651663958,0.0279814689355593,0.0559030400473456,0.000114776838598877,0.259047359997092
"AACGTCAGACTAGTGG-1-0",0.0395275496144657,0.363806710453119,0.206520536085346,0.028479627410176,0.0367035796508288,0.000105118278648189,0.324856878507416
"AACGTGCGAAAGTCTC-1-0",0.0374420278734862,0.312874272832575,0.214562292974091,0.047313515569607,0.0497197981655682,0.00117114129332759,0.336916951291346
"AACTAGCGTATCGCAC-1-0",0.0333448202205718,0.502701852448667,0.187006262665249,0.0092863628359417,0.0570865675065663,1.71526561632719e-05,0.210556981666841
"AACTAGGCTTGGGTGT-1-0",0.0239707141227473,0.458828623821888,0.207482517658583,0.0127642085720935,0.0359276600540564,3.42598445040093e-05,0.260992015926127
"AACTCAAGTTAATTGC-1-0",0.0245131479381329,0.446009177385776,0.208454606779235,0.0122820031580327,0.0405870890623401,3.21965098369392e-05,0.268121779166646
"AACTCTCAATAGAGCG-1-0",0.0302327483240096,0.364478042672769,0.245270299643452,0.0311531033105273,0.0612085636163945,0.000351236671617485,0.26730600576123
"AACTCTCAGTGTGCTC-1-0",0.0378403600792299,0.368778192427989,0.290358391941213,0.0184552228732533,0.0424857910787392,0.000101119473402512,0.241980922126173
"AACTGATATTAGGCCT-1-0",0.0304380890956145,0.353491832509121,0.185662958305915,0.0390346708503258,0.0427714777217862,0.00078473076570392,0.347816240751533
"AACTGGGTCCCGACGT-1-0",0.0337925573625511,0.420689335860785,0.212903976029892,0.0581721911132054,0.0518919527320687,0.00013951583228036,0.222410471069218
"AACTGGTGTGGGCCTT-1-0",0.0219096909933383,0.5104193318036,0.161274134893983,0.0202894585608519,0.0686811373276504,0.000142754714345944,0.217283491706231
"AACTTGCCCGTATGCA-1-0",0.0281504884765622,0.378408812864965,0.234532103815501,0.0746229838961322,0.0553662684095927,0.000256132500391621,0.228663210036856
"AACTTTAGCTGCTGAG-1-0",0.0441475698040437,0.467871415998337,0.186260492762848,0.0119287898134986,0.0460633863626909,2.10254367010654e-05,0.243707319821881
"AAGACTGCAAGCTACT-1-0",0.0191105854263662,0.31803685942173,0.198234741060357,0.0284272034406451,0.0580856327439059,0.000584785161830155,0.377520192745166
"AAGAGATGAATCGGTA-1-0",0.0257693083598727,0.397843773142198,0.158348980792023,0.0778070049723043,0.0588419300518467,0.000302578751006119,0.281086423930749
"AAGAGCTCTTTATCGG-1-0",0.0278815033458252,0.401303635852246,0.210281463786024,0.0260129848634836,0.0316269268288763,0.000217996023958261,0.302675489299587
"AAGAGGATGTACGCGA-1-0",0.0413911996788353,0.316765254849858,0.296319866521951,0.0315477399236167,0.025091534004043,0.000231520331694462,0.288652884690002
"AAGAGGCATGGATCGC-1-0",0.0285684880106724,0.349974365620322,0.2846098192985,0.0396523091067307,0.0372062545855925,0.000306478669265616,0.259682284708916
"AAGATTGGCGGAACGT-1-0",0.0300302827961788,0.336959432986542,0.203527488648169,0.0604953289246045,0.0517650801079979,0.000584896540893939,0.316637489995614
"AAGCACCCTGCGTATC-1-0",0.0686885827408178,0.298596007579264,0.295647056228691,0.0315874584071787,0.0275246526547851,0.000314221619168155,0.277642020770096
"AAGCTAGATCGAGTAA-1-0",0.0461043821287377,0.436139122166072,0.191598581639552,0.0252674687827372,0.0360941415882391,7.91739350479257e-05,0.264717129759614
"AAGCTCGTGCCAAGTC-1-0",0.0534035186517181,0.321653685702211,0.177990028931861,0.0479128616586231,0.0794271881307119,0.0016803197293477,0.317932397195527
"AAGCTCTTTCATGGTG-1-0",0.0306620535289737,0.398272123796898,0.223092539048869,0.0359087672976215,0.0415375704157142,7.44585809941247e-05,0.27045248733093
"AAGGAGAACTTATAAG-1-0",0.0416349171726788,0.396036057583085,0.219105485883211,0.025657886582731,0.0532115095593563,0.000189448405843505,0.264164694813094
"AAGGAGCGGTTGGTGC-1-0",0.0435801600056765,0.334237660000958,0.213375414958254,0.053872503337275,0.0291786865580704,0.000415487975960815,0.325340087163806
"AAGGATGAGGGACCTC-1-0",0.0372596844045301,0.403725478030701,0.172557614325081,0.0393246432076709,0.0484006689456083,0.000267088963771867,0.298464822122636
"AAGGCGCGTAAAGCTT-1-0",0.0191180902110068,0.412034051729004,0.225025217663435,0.0321861140602925,0.0406316256700558,0.000406863266605094,0.270598037399601
"AAGGCTGTGCTCATCG-1-0",0.0391473825601278,0.347438796126845,0.204759915040937,0.0360542452400552,0.0418490793187204,0.000184362918615649,0.330566218794699
"AAGGGACAGATTCTGT-1-0",0.0465072488845838,0.32290915717809,0.197980845314189,0.0698839742988267,0.0624848839056509,0.000378632006409696,0.29985525841225
"AAGGTATCCTAATATA-1-0",0.0358229169717565,0.418934868187806,0.163183980908002,0.0482210873690601,0.0403741272898747,0.000220585676536441,0.293242433596964
"AAGGTGATAAACCAGC-1-0",0.0373844575071476,0.402567669885702,0.191406532523303,0.0380027922487268,0.0640262433685169,0.000361114250460255,0.266251190216143
"AAGTAAGCTTCCAAAC-1-0",0.0506081158541403,0.357202859725363,0.227892421940739,0.0176515406107672,0.039262696470918,8.79534543229523e-05,0.307294411943749
"AAGTAGAAGACCGGGT-1-0",0.0380799575541735,0.390375763169387,0.199589004017417,0.036450074467102,0.0227231470875601,0.000278039499074447,0.312504014205285
"AAGTAGTGACGCGAGG-1-0",0.0338488201245662,0.438338022804335,0.20723882917428,0.0199460889357643,0.0430140819846987,0.000154191116580207,0.257459965859775
"AAGTCAATTGTCGTCA-1-0",0.0449569006980313,0.348107297941184,0.242300721602121,0.0633534471638956,0.0660057925781954,0.000211301545383022,0.235064538471189
"AAGTGACGACCGAATT-1-0",0.0585018706931843,0.355299332334002,0.237442339760525,0.0433763925589798,0.0309753838981921,0.000161950599983616,0.274242730155133
"AAGTGCGTTAGAATCT-1-0",0.0284318323568799,0.51239044689666,0.211553879039385,0.015445231131398,0.0297065730829512,2.76934553529351e-05,0.202444344037373
"AAGTGTTTGGAGACGG-1-0",0.0227754599147598,0.458954404200555,0.196479266992791,0.0534581016776182,0.0273000958639911,7.01811503913992e-05,0.240962490199893
"AAGTTCACTCCAAGCT-1-0",0.0384393757000899,0.424318989264601,0.185307444351637,0.0189757689865397,0.0565487393503891,9.89834732730331e-05,0.27631069887347
"AAGTTCGGCCAACAGG-1-0",0.0248377699645181,0.484703097349162,0.251746233469898,0.0134095696055718,0.0239199557369367,1.42326092949387e-05,0.201369141264618
"AAGTTGTGATGTTATA-1-0",0.0203378785146992,0.438348937887488,0.218760980628448,0.012901786685443,0.0450844915238224,8.00539497904322e-05,0.264485870810309
"AAGTTTACTAATGGCA-1-0",0.0464894973411398,0.291856895445836,0.208933170448929,0.0610322338883055,0.046222440348225,0.000657200981704736,0.344808561545859
"AATAACAACGCTCGGC-1-0",0.038521153769647,0.375538120498701,0.258522241865582,0.017218250676468,0.0480746792404861,8.984034334016e-05,0.262035713605776
"AATAACACTAGAACAA-1-0",0.0341147526324073,0.470229531139027,0.211066418773928,0.0108114966178629,0.0202722755091975,9.03304429964538e-05,0.25341519488458
"AATAAGTCCTCGAGAC-1-0",0.0355253140010954,0.248930717405906,0.217717926261408,0.0628420901080846,0.0776254064314646,0.000673077457755904,0.356685468334285
"AATAGAACAGAGTGGC-1-0",0.0392985738002227,0.458757779192453,0.203968381507154,0.040641905977856,0.0247644010163642,0.00031228114991157,0.232256677356038
"AATAGAATCTGTTTCA-1-0",0.046391622159999,0.404676526888793,0.245150444638105,0.0393045527848599,0.0355095963551059,0.000105222297277968,0.228862034875859
"AATATCAAGGTCGGAT-1-0",0.0210740898011719,0.440013210272294,0.152123279379056,0.0319852275698503,0.0505256280624794,0.000174800962206968,0.304103763952941
"AATATCGAGGGTTCTC-1-0",0.0551682170011723,0.37459823459946,0.170289724152438,0.0836749339888299,0.0942184064898135,0.0126192771970938,0.209431206571192
"AATCATGTAAAGACTC-1-0",0.0231541454515941,0.425301347095887,0.218931172231133,0.0249319715463801,0.058588790510457,0.000263258285926586,0.248829314878622
"AATCCAAGGGCCTGAG-1-0",0.0305603638301416,0.343572869994498,0.196834780539837,0.0751183480103254,0.0804799826304617,0.000755257631066652,0.272678397363669
"AATCGCCTCAGCGCCA-1-0",0.0382408588356294,0.372209623870841,0.224932717037926,0.0225336381252373,0.0387150695147833,0.00014294520396988,0.303225147411614
"AATCGGGACACTACGA-1-0",0.0243839665330667,0.374802599550256,0.201322613307482,0.0519556334108251,0.0623164851877675,0.000483756098378314,0.284734945912225
"AATCTGCGTTGGGACG-1-0",0.0275381593292357,0.415190009524344,0.136930735825431,0.0594423606636432,0.0889082168721593,0.00088814924733399,0.271102368537853
"AATGACAGCAATGTCT-1-0",0.0276873803345007,0.52134151144435,0.191557627656399,0.00904898773496344,0.0249057300535029,5.38107202760935e-05,0.225404952056007
"AATGACGTAGGATGTC-1-0",0.0316759408328489,0.442480265736004,0.140842844752798,0.0594908156247317,0.0444004688643795,0.000182808983920022,0.280926855205318
"AATGACTGTCAGCCGG-1-0",0.0501548428191219,0.323509039655853,0.197703083465543,0.0187556921990674,0.0416332143890887,0.000241297235715729,0.36800283023561
"AATGATGATACGCTAT-1-0",0.0426689638718229,0.33960170712742,0.180877820220485,0.0358848998624807,0.0682967578654737,0.000598536569733011,0.332071314482585
"AATGATGCGACTCCTG-1-0",0.0308551871358561,0.389741984718162,0.136357077353313,0.0459902178811416,0.0881948634115229,0.000933140526761341,0.307927528973243
"AATGCAACCGGGTACC-1-0",0.0340448725523745,0.522477081789742,0.197477956493838,0.0145533645224507,0.0167391554096726,3.22783147201319e-05,0.214675290917202
"AATGCACCAAGCAATG-1-0",0.0348367652467039,0.407853633349884,0.190311523682877,0.0197190983212761,0.0545444553644303,0.000526061061412963,0.292208462973416
"AATGGTTCTCACAAGC-1-0",0.0574938099195013,0.269720226220904,0.335936835646546,0.0568285712612604,0.0437812968340789,5.89210972141878e-05,0.236180339020495
"AATGTTGTCGTGAGAC-1-0",0.01520752897192,0.511292906508883,0.224143196050706,0.0104035506478661,0.0373715207654321,3.32318999325292e-05,0.20154806515526
"AATTAAAGGTCGGCGT-1-0",0.024114924827738,0.546292063853831,0.152897343978581,0.0132324411000807,0.0328727674986571,1.78964316536435e-05,0.230572562309459
"AATTAACGGATTTCCA-1-0",0.0533430360887157,0.391456830511002,0.239850493048029,0.0296418813310622,0.0242996609793355,0.000511708682527612,0.260896389359327
"AATTAGCGCTGCAGCG-1-0",0.0419396792605716,0.357992108149494,0.246745557068797,0.0269796844655123,0.0316394296430215,0.00036987803228649,0.294333663380317
"AATTCATAAGGGATCT-1-0",0.0414676171733638,0.386051031693978,0.205684707191618,0.0387670725198912,0.0363646886724746,0.00044256909768065,0.291222313650994
"AATTCTAGAGTTAGGC-1-0",0.0290280501644764,0.418106684196101,0.193181369343957,0.016730638598163,0.0380121559111506,0.00020502993901899,0.304736071847133
"AATTGAACGCTCTGGT-1-0",0.0227269183679366,0.400392517900456,0.234986956510586,0.0386128106598287,0.0397487459893078,0.000265410726326107,0.263266639845559
"AATTGCAGCAATCGAC-1-0",0.034325252421713,0.332865694486618,0.219768099805906,0.0578443092402279,0.0684264796587349,0.000200104208869715,0.28657006017793
"AATTTGGGACATAGTA-1-0",0.028865139657217,0.3974498087103,0.244478689252511,0.0296587784465897,0.0601366990564342,0.000187857932480506,0.239223026944468
"AATTTGGTTCCAAAGA-1-0",0.0478411257737873,0.255104691423874,0.275848472223742,0.0506901608028616,0.0490717832161426,0.000382957713488184,0.321060808846104
"ACAAAGCATGACCTAG-1-0",0.0386797656319786,0.41501125104386,0.200314394882239,0.0294107156085303,0.0566166549213208,0.000301629397700379,0.25966558851437
"ACAAATCGCACCGAAT-1-0",0.0155137671727744,0.376337277272808,0.26954579968473,0.0337115782174475,0.0305586452164952,9.86169881391846e-05,0.274234315447605
"ACAAATGGTAGTGTTT-1-0",0.036689555687575,0.36984686225015,0.141985641442844,0.0478759859486086,0.0345325164894324,0.000402125406686063,0.368667312774704
"ACAACAGCATGAGCTA-1-0",0.0729799848253624,0.240416864316238,0.212625034001372,0.0749163162051225,0.0451896698691413,0.000870340571838556,0.353001790210925
"ACAACGGTCCCTGCGA-1-0",0.0296195359008494,0.42553546775639,0.226437494795264,0.0766742629749054,0.0858259626852018,0.000410271467358271,0.155497004420031
"ACAAGCAGTGCCTAGC-1-0",0.0365231848211553,0.416192241007344,0.202331135697179,0.0214978889827295,0.0353379748689864,0.000111077879948094,0.288006496742658
"ACAAGGAAATCCGCCC-1-0",0.0557709260584319,0.365084394051943,0.244567675805496,0.0175710349080142,0.0479406480655587,8.16053391021147e-05,0.268983715771453
"ACAAGGACAAGAGGTT-1-0",0.0277063864074418,0.425403083702991,0.181065914179063,0.0317792330455763,0.0464153917443923,0.000192378015038094,0.287437612905497
"ACAAGGATGCTTTAGG-1-0",0.0485386486442189,0.433113461404722,0.169146042506862,0.0146126481932606,0.0567743304817923,0.000238683109122907,0.277576185660021
"ACAAGGGCAGGCTCTG-1-0",0.0466457984740324,0.329499157757899,0.236046376984257,0.042587421737288,0.0609968635946164,0.000551481690076669,0.28367289976183
"ACAATCCATTTAAACC-1-0",0.0418884779842683,0.357034378842362,0.264669211056578,0.0257241121995791,0.0249965388689304,0.000103065646215777,0.285584215402066
"ACAATCGATCTTTATA-1-0",0.0272642981637978,0.393196803919681,0.184372797754605,0.0312650282445932,0.0579976675101424,0.000235524780681183,0.305667879626499
"ACAATTGTGTCTCTTT-1-0",0.0318223640809913,0.374238453734701,0.158895628186268,0.105044359951374,0.0646189744068723,0.0010596786675951,0.264320540972198
"ACAATTTGAGCAGTGG-1-0",0.0652247298069326,0.285366001614171,0.218404385490081,0.0384539960655321,0.0461669416297381,0.000741574457248163,0.345642370936297
"ACACAAAGACGGGTGG-1-0",0.0341088179385364,0.408283085153944,0.189120134333152,0.0305141582107003,0.0418634041010962,0.00013191532051051,0.295978484942061
"ACACACCAGGACCAGT-1-0",0.0428215986681567,0.363220219295765,0.206046795914655,0.0447706459313772,0.051209341026091,0.000190437766036713,0.291740961397918
"ACACACTTTCTACACG-1-0",0.0330053477161214,0.377996679222715,0.22405032142606,0.0287427895842984,0.0313004938869161,0.000166794126810098,0.304737574037079
"ACACCCAGCATGCAGC-1-0",0.0390098226156131,0.354982019427396,0.1856256182203,0.0408959602300964,0.0487631447266138,0.000209211892539687,0.330514222887441
"ACACCCGAGAAATCCG-1-0",0.0437440319327904,0.327584505098307,0.262294113780891,0.0418542256382693,0.0435008035642387,0.000101934593582733,0.280920385391921
"ACACCTTAAGTAGGGC-1-0",0.0244154180277857,0.456120249399513,0.166854845104793,0.0222238258626558,0.0492031933137678,0.000154690495741582,0.281027777795743
"ACACGAGACTCCTTCT-1-0",0.0353895178165846,0.361368223237341,0.170171535233281,0.0468801501679065,0.0452579227932921,0.000386277506599283,0.340546373244995
"ACACGGCACTATGCAT-1-0",0.0385992021572089,0.285707494412621,0.239026621894726,0.0739607321994282,0.0867483759375182,0.00113635098383561,0.274821222414663
"ACACGGGAACTTAGGG-1-0",0.042166569403177,0.310834652611894,0.226207157315695,0.0416725423960416,0.0418840643170444,0.000460284664698917,0.33677472929145
"ACACTGATCAAGGTGT-1-0",0.0196181550806366,0.418827285089247,0.265276470429594,0.022968375498542,0.0243470924832685,0.000129894535173971,0.248832726883538
"ACAGATTAGGTTAGTG-1-0",0.016198446575361,0.380560072143357,0.165713945796334,0.0592644720074438,0.0746652095040124,0.000581430391793234,0.303016423581698
"ACAGCATAGAGCCAGT-1-0",0.042671928778954,0.330892756528179,0.257093027609219,0.0558087888973362,0.0541008824218307,0.00021322995966069,0.25921938580482
"ACAGCGACATTCTCAT-1-0",0.0337043651734932,0.369278503968006,0.218540130622713,0.0352122949342929,0.0420231561747924,0.000176944712497499,0.301064604414206
"ACAGCGCACCCGCAGC-1-0",0.0264754658377453,0.45625700396959,0.15843937160079,0.0378175334634325,0.0881639963454707,0.000457495051349577,0.232389133731622
"ACAGGCTTGCCCGACT-1-0",0.0320942182549767,0.330245511098398,0.1760414090551,0.0437405927354667,0.0399962685858046,0.00037399322479766,0.377508007045456
"ACAGGTGGAGGTGAGG-1-0",0.0208410474875946,0.480928006699244,0.240804183039312,0.0111809281770029,0.0258535196122523,2.17434924550975e-05,0.220370571492139
"ACATAATAAGGCGGTG-1-0",0.0316595363758038,0.44353665800154,0.241417778573751,0.0188900504774326,0.0210811335197903,7.89839407897049e-05,0.243335859110892
"ACATCCCGGCCATACG-1-0",0.0314527168483076,0.443259050824081,0.170290394128303,0.0242687478584034,0.037168268575994,0.000300395021013658,0.293260426743898
"ACATCGATCGTTTACC-1-0",0.0383553853718525,0.304640140980356,0.211091903696437,0.0313684085912768,0.0411440284045658,0.000473060994819705,0.372927071960692
"ACATCGGTCAGCCGCG-1-0",0.0472910608882914,0.369376384525149,0.185368060183655,0.0187362629244949,0.0409021994423642,0.000110125675804686,0.338215906360241
"ACATCGTATGCAATGG-1-0",0.0389696058611863,0.36205683220866,0.201472736212171,0.0457820865738321,0.0531205434709766,0.000366753440642514,0.298231442232532
"ACATCGTTAACCTAGT-1-0",0.0247944278505381,0.409863935913741,0.186457753040447,0.0598296453223304,0.0512833201722405,0.000353963490877425,0.267416954209826
"ACATCTCAACGCGTAA-1-0",0.0344868531009621,0.367366514562642,0.214299286916122,0.0330563618624056,0.0538059929274563,0.000188623581225345,0.296796367049186
"ACATTAGTTTATATCC-1-0",0.0249432800681301,0.411725680456443,0.220172571806974,0.0240367207537917,0.0400333502403998,0.000274858239200149,0.278813538435061
"ACCAAACTAGAAATCC-1-0",0.0284553108688263,0.374927613660659,0.248304634024816,0.0346016428447579,0.0544533161839027,0.000406040353599818,0.258851442063438
"ACCAACCGCACTCCAC-1-0",0.0436047045014824,0.409142002012768,0.238871576636966,0.0190372190531336,0.0322157213773469,0.000119395645524269,0.257009380772779
"ACCAACGCTTATTTAT-1-0",0.0227511570223976,0.499204390481868,0.190720221819071,0.0125175745600401,0.033524202630112,9.08353294393105e-05,0.241191618157072
"ACCAAGAACGCGTGTC-1-0",0.0479781123054124,0.315422320588999,0.273434107555798,0.0278314838853524,0.0540636101379405,5.63154991788391e-05,0.281214050027319
"ACCAATATGCAAGTTA-1-0",0.036219790548723,0.342127673332663,0.169937076655104,0.0349681803728966,0.0398008703603313,0.000266040340847299,0.376680368389435
"ACCACAAGTTTCTATC-1-0",0.0366790391582021,0.49204414409386,0.19738527430441,0.0264059042140488,0.0376493866721144,0.000183531658817785,0.209652719898547
"ACCACGTGCAGCTATA-1-0",0.0202102981971924,0.43768534077262,0.190018112543214,0.0372796264282145,0.0275771016956099,0.000331794501052671,0.286897725862097
"ACCAGCCCGGTCTTTG-1-0",0.0467924914601245,0.389470111083177,0.17927895535873,0.0290828035789857,0.0706486290490952,0.00023243309687048,0.284494576373017
"ACCAGGAGTGTGATCT-1-0",0.0278002953471585,0.452555083995026,0.183361421047222,0.0457760413467789,0.0455714000450339,0.000238429582821072,0.244697328635959
"ACCAGTGCGGGAGACG-1-0",0.0440716464798539,0.351638966496783,0.213973180785454,0.0412943249399782,0.0652045463963434,0.000509324628554164,0.283308010273033
"ACCATATCCGCAATAA-1-0",0.0247130089018955,0.414201476573968,0.223866121365494,0.0211293483761951,0.0266821206507783,0.000101896156895323,0.289306027974774
"ACCATCGTATATGGTA-1-0",0.0342107210675755,0.357541924282222,0.209846491629841,0.0171133875761821,0.0274779114560096,9.99296946931987e-05,0.353709634293476
"ACCCAACGCCCGTGGC-1-0",0.0350391853897348,0.309510676997695,0.226562110938474,0.078528142222945,0.0583619161678973,0.000662824534223602,0.29133514374903
"ACCCACCTACATGCTC-1-0",0.0169502919744437,0.420081530036403,0.231126507308219,0.0600744413029171,0.0524418285151979,0.000166314085416271,0.219159086777403
"ACCCATCTTGAGGGTA-1-0",0.0264411762145931,0.369338738777935,0.226330085381059,0.0224110638459732,0.0237792414101963,0.000172950890183098,0.331526743480061
"ACCCATTTGTCCCTCT-1-0",0.0368032229108769,0.38217433121469,0.200187067984798,0.0381961922114519,0.0555716150933216,0.000168410517451101,0.28689916006741
"ACCCGGAAACTCCCAG-1-0",0.035349603192986,0.427974521236892,0.243982439233078,0.0187237186463609,0.0362772992375609,0.000108443144390757,0.237583975308731
"ACCCGGATGACGCATC-1-0",0.025286705438133,0.228859833195768,0.153234169974389,0.0235703501908546,0.0318513325944847,0.000413287901388552,0.536784320704982
"ACCCGGTTACACTTCC-1-0",0.0248532084290255,0.486310948876081,0.212883070650158,0.0203223027097933,0.0249011251631833,5.57315483015501e-05,0.230673612623457
"ACCCTCCCTTGCTATT-1-0",0.0361569902393704,0.442146979434778,0.214633211004774,0.0253581017923894,0.0414807795762768,0.000114779342815773,0.240109158609596
"ACCCTTCATCTGCGAA-1-0",0.0301102148922232,0.386439745476302,0.236236804209914,0.0274703354411874,0.0342074109027119,9.17369954640489e-05,0.285443752082198
"ACCGAAAGGGCCCTGC-1-0",0.0342506978822771,0.389331881284592,0.20721233160619,0.0416532011112182,0.0161395009700722,0.000365836121086195,0.311046551024564
"ACCGACTGAGTCCCAC-1-0",0.0356079859969371,0.442759487187432,0.163553982397768,0.0408390427491151,0.0544274469285147,0.000292586731836134,0.262519468008397
"ACCGATGGTAGCATCG-1-0",0.0240680868219537,0.435540104895601,0.213299057661034,0.0240838016563519,0.0371887952804957,0.000603510577234457,0.26521664310733
"ACCGCAATAACTGCCT-1-0",0.0240012227215339,0.437465079271078,0.18370120749057,0.023281155264347,0.0542784333321603,0.000150662304362288,0.277122239615948
"ACCGGGCCTTTGTTGA-1-0",0.0205475230333324,0.467823459106186,0.199035970249667,0.0211100166423286,0.0764877111468431,0.000499665062737837,0.214495654758906
"ACCGTTCCCGCTCTGA-1-0",0.0425736745684395,0.339911800802159,0.254926632468319,0.0429480899530745,0.0742038034536149,0.000183206434895814,0.245252792319498
"ACCTAAGTACCTTTCA-1-0",0.0179191306060444,0.48826659845185,0.263083818053165,0.00484430553854124,0.024019564199706,1.04631911696082e-05,0.201856119959524
"ACCTAATCGACTTCCT-1-0",0.0231893453574325,0.458163830865752,0.166342536971439,0.0316953386285946,0.0328828564476821,0.000115860047149822,0.28761023168195
"ACCTTTCCTTTAGAAG-1-0",0.0276223336886261,0.437710683572785,0.141846818882471,0.031751095230226,0.0557722770415284,0.000147170785563013,0.305149620798801
"ACGAAATGGGCGGCAC-1-0",0.0241245956906194,0.4448443310698,0.22636886582029,0.0514760515419303,0.0436658196283774,0.00014791485815582,0.209372421390827
"ACGAGAACCCATCACG-1-0",0.0382805147052357,0.318090621024416,0.183627739733521,0.0471951765242031,0.0514807236970697,0.000566811601585675,0.360758412713968
"ACGAGATATTTGCTTA-1-0",0.0244378230825874,0.501580328163191,0.181330796238986,0.0278398778123484,0.0522998691975317,0.00011917069946558,0.21239213480589
"ACGAGTACGGATGCCC-1-0",0.0557527234090589,0.344185135478326,0.181485957222476,0.0623634435990438,0.0360476555053995,0.00368150858943753,0.316483576196258
"ACGATACATAGAACTA-1-0",0.025315932147811,0.452829942994447,0.17136915587757,0.0391953217846731,0.0437650262235542,0.000191189932438116,0.267333431039507
"ACGATCATACATAGAG-1-0",0.0265297930134737,0.481295743976704,0.18933299697197,0.0350808587723436,0.0343312767696412,0.000244253325326636,0.233185077170541
"ACGATCATCTTGTAAA-1-0",0.0211559970625114,0.414089444355952,0.160825251916357,0.0270440187963977,0.0561457166684347,0.00028759334376295,0.320451977856584
"ACGATGCATATGTTAT-1-0",0.0321627216927377,0.358050488150285,0.207166773143117,0.0200517835296851,0.0520148582326604,0.00022801683588331,0.330325358415632
"ACGATGGATCCGATGC-1-0",0.0348679298727796,0.284932680398161,0.18674657686605,0.11082256516939,0.0741893215492104,0.000840866120188707,0.30760006002422
"ACGCATACGTTTACTA-1-0",0.0632341380522891,0.396141540700984,0.163505263637068,0.055097380680747,0.0626867028886437,0.00118390658282494,0.258151067457444
"ACGCATTCGTGAGTAC-1-0",0.0320258732242358,0.488412849464434,0.183182757747001,0.0330428610804398,0.0236258070355274,0.000334474074973676,0.239375377373388
"ACGCCAGATGATTTCT-1-0",0.0435813767712985,0.499158005058443,0.16820108163716,0.0410920172583398,0.0447522764628017,0.000119002134112028,0.203096240677845
"ACGCCCAGCTGTCGAT-1-0",0.0310016597007983,0.356219826653998,0.235703928087252,0.0410797305472789,0.0601516358715571,0.00020564009632399,0.275637579042792
"ACGCCGCTAGACGACC-1-0",0.0398170293757696,0.351038858958123,0.13332925763752,0.0488182884017865,0.0452268707355902,0.00125670880677097,0.380512986084439
"ACGCGAAGTCAGACGA-1-0",0.0450034978355764,0.452872738455171,0.209305143455916,0.0203754132357772,0.0315667466388975,0.000425607356402223,0.24045085302226
"ACGCGCTACACAGGGT-1-0",0.0280328104543059,0.427992233609506,0.218900919462898,0.037609085111903,0.034425605191531,0.000197436570543438,0.252841909599312
"ACGCGGGCCAAGGACA-1-0",0.0205448347249519,0.450151755907887,0.18710171710611,0.0281873463057399,0.0334589136816101,0.000215560676151465,0.28033987159755
"ACGCTAGTGATACACT-1-0",0.0328587813598856,0.402347489604146,0.233031717760741,0.0527655885538914,0.0762268172249968,0.000715486205470302,0.202054119290869
"ACGGACTCTCAAAGCG-1-0",0.05040247621974,0.403116494153211,0.159776387322718,0.0503525723078238,0.0428239921367246,0.000501011334512915,0.29302706652527
"ACGGATGGTGCGGATA-1-0",0.0380833122126107,0.338027541739584,0.223729167605094,0.0371866622138692,0.0464514704123269,0.000235926156201058,0.316285919660315
"ACGGCACTTGCTTGGG-1-0",0.0482239649046236,0.381733075401409,0.196889305284351,0.0283665095370497,0.0321830305264574,0.000346961049546351,0.312257153296564
"ACGGCCAACATGGACT-1-0",0.0235015887158291,0.388351443120804,0.207923190908572,0.0236265085337906,0.0266997966062093,0.000220383910820323,0.329677088203974
"ACGGCGACGATGGGAA-1-0",0.0297895581621495,0.442984274525785,0.19048853724592,0.0157479616785011,0.0417897557807018,4.60710582384225e-05,0.279153841548705
"ACGGGAGTGTCGGCCC-1-0",0.0301419709087864,0.349513625480466,0.272677463673247,0.0167295616671764,0.025563958776439,8.33956478182477e-05,0.305290023846067
"ACGTACAGATTTCTCT-1-0",0.0377992489322405,0.372337606216049,0.216475400043746,0.0501218532821862,0.0504853512502448,0.00036046002480223,0.272420080250731
"ACGTAGATTGCTGATG-1-0",0.0389585408006685,0.292733846331382,0.20775536090487,0.0395194513663511,0.0461426342961084,0.000808734731914019,0.374081431568707
"ACGTATTACTCCGATC-1-0",0.0304697288243048,0.371053686765043,0.225155314459833,0.0318465978597068,0.0480854237280425,5.9400264949777e-05,0.293329848098121
"ACGTCCTAAACGAGAT-1-0",0.0378413631463338,0.404010489169584,0.188212577086218,0.0332543304572579,0.0778667104470724,0.000153253253049136,0.258661276440485
"ACGTGCGCCTCGTGCA-1-0",0.0347188061876493,0.349233325663558,0.226435335263599,0.0293316908496888,0.0412537509015853,0.000228158980154898,0.318798932153764
"ACGTTAATGTCGAAGA-1-0",0.0251763031842756,0.394901170957196,0.240425136114582,0.0291989447083129,0.0490632455100952,0.00039798990975613,0.260837209615782
"ACGTTAGATTTGCCCG-1-0",0.0234381335990196,0.333490899443661,0.247487573039584,0.0213616191582461,0.0160464545970592,0.0001358543518046,0.358039465810626
"ACGTTCCGCGCTCCGT-1-0",0.0362996850952602,0.402189047995039,0.222229231461362,0.0394275498138658,0.0481337161363283,0.000120243423181237,0.251600526074964
"ACGTTCTGTACAAGTC-1-0",0.0484944040595061,0.414747624711365,0.213017224516782,0.014220432077354,0.0483150882476501,0.000150573999724536,0.261054652387618
"ACGTTTAGTTGTGATC-1-0",0.0470916806134117,0.29266680003184,0.205210161429638,0.0316738955390696,0.0408390420360369,0.000338927466870586,0.382179492883133
"ACTACCAGCTCTCTGG-1-0",0.0330959329084979,0.448712655937652,0.190653151447386,0.0387856242908337,0.0331423717932094,0.000267757393754639,0.255342506228667
"ACTATTCGTCCGTGGT-1-0",0.0444533278633014,0.440606256517435,0.212505331897028,0.0523315354308624,0.049185957070921,0.000633688993842647,0.200283902226609
"ACTCAACGAATGTATT-1-0",0.0443704151171124,0.315774761165099,0.230477364358401,0.0136038320204033,0.0498888009440609,0.000255931892403809,0.34562889450252
"ACTCAAGTGCAAGGCT-1-0",0.0301697833875519,0.505258954471206,0.191094867498436,0.0181582029143116,0.0371624338558455,5.67498883248038e-05,0.218099007984324
"ACTCAATAAAGGCACG-1-0",0.0227585862348417,0.351378500563364,0.192792833049716,0.0536646989591877,0.0395163024620493,0.000631119502869377,0.339257959227972
"ACTCAGACCTGCTTCT-1-0",0.0438457420868727,0.352128670331458,0.240025353958443,0.0494818597670941,0.041051428835332,0.00036993652295478,0.273097008497847
"ACTCCCTAATGCTAAA-1-0",0.0439152479840121,0.464212283179062,0.160323599828132,0.0297296656503154,0.0453476084201958,0.000272945054052838,0.256198649884229
"ACTCCCTAGAATAGTA-1-0",0.0237577260299508,0.426628338292296,0.172162594651547,0.0400613639209783,0.0484158368342687,0.000117674980184918,0.288856465290775
"ACTCGTCAGTAATCCC-1-0",0.0388670577392874,0.365448003144373,0.225438355318128,0.0194778809799438,0.0424493158291223,0.000289728686183963,0.308029658302962
"ACTCTCTGACTTAGGT-1-0",0.02711502070565,0.475426256272655,0.163849895389486,0.0324069226840095,0.0357069619622192,0.000199458475311214,0.26529548451067
"ACTCTTGTATAGTAAC-1-0",0.0299387124891647,0.361378641621833,0.206817083425544,0.0514898624180552,0.0404851969185816,0.000491307194743465,0.309399195932078
"ACTGAAACGCCGTTAG-1-0",0.0351635705616463,0.455612726960721,0.216093277507894,0.00865080803898861,0.0334034857366961,3.92661308616627e-05,0.251036865063193
"ACTGAATGGCGAAAGT-1-0",0.0271684866226956,0.355104042989546,0.184441292684814,0.0452362928757689,0.0559061169218098,0.000523690846369361,0.331620077058997
"ACTGCCGTCGTAACTC-1-0",0.0193650379103178,0.430657486742957,0.114401510698801,0.0494322857237127,0.041516969264116,0.000192320897478483,0.344434388762617
"ACTGTACGATACACAT-1-0",0.0445299541902845,0.352823821530788,0.208936716881108,0.0413878209897979,0.0452291853809037,0.000709959798058417,0.306382541229059
"ACTGTAGCACTTTGGA-1-0",0.0425421673180665,0.426966821291024,0.209757737462949,0.0304637720972805,0.0454838048351389,0.000145193083147256,0.244640503912394
"ACTGTATACGCGAGCA-1-0",0.0341712408057515,0.334753021807298,0.179689609290446,0.0487236258177063,0.0483376232486121,0.000421955496716903,0.353902923533469
"ACTGTCCAGGATTATA-1-0",0.0229433213280222,0.54290091606631,0.23001385321448,0.00935582343316322,0.0225488946798405,1.42204411342602e-05,0.172222970837051
"ACTGTCTTCTTTAGAA-1-0",0.0243352631972289,0.44479814280641,0.173218053239054,0.0336049287464693,0.0365167027429177,0.00016739781377778,0.287359511454142
"ACTGTGCTAGTAGATC-1-0",0.0371393499870195,0.386954317903051,0.18956952371757,0.0581149723105042,0.0399934278102086,9.18876091662386e-05,0.28813652066248
"ACTGTTTAGTGTAGGC-1-0",0.0250002767933334,0.444483037779217,0.192675806622019,0.0313859997568133,0.0493469734463091,0.00014263532713606,0.256965270275172
"ACTTACGCATCCACGC-1-0",0.037058248822471,0.374471655720468,0.241944680876192,0.0286314081621632,0.0329606816173788,8.49228683658439e-05,0.284848401932961
"ACTTAGTACGACAAGA-1-0",0.0275429759122672,0.409020401169105,0.183380997349811,0.049226036500619,0.033505725635782,0.000206885675252513,0.297116977757163
"ACTTATACTTACCCGG-1-0",0.0357386988895102,0.389824903163514,0.254006350815415,0.0155330706560403,0.045779010106652,0.000112605375950429,0.259005360992917
"ACTTATTAGGATCGGT-1-0",0.0273789361096063,0.447231200603533,0.214690617596757,0.010207811819332,0.0243962213981018,4.27859950997212e-05,0.276052426477571
"ACTTATTTATGTGCCA-1-0",0.0365653038568212,0.360812052170842,0.208813025418841,0.073183733383836,0.0531255258951086,0.000372960240907846,0.267127399033644
"ACTTCAGGCTGATCCC-1-0",0.0384290275348642,0.410673289001025,0.174640071314868,0.0721891638028649,0.0614569760845386,0.000445167035116073,0.242166305226723
"ACTTCCATGCGGGACA-1-0",0.0291727997847039,0.465965742132154,0.204889920859184,0.0202292126544349,0.0378246593392759,0.000105628043720977,0.241812037186526
"ACTTCGCCATACGCAC-1-0",0.0398563851098271,0.320768697060588,0.174636459721426,0.0524775339407916,0.0513048056894041,0.000573446260786701,0.360382672217177
"ACTTGACTCCCTCTTT-1-0",0.0320638182065556,0.199474398138576,0.243356778150061,0.0656635446495903,0.0470271067879559,0.00192193275155773,0.410492421315704
"ACTTGCCATATTGTAC-1-0",0.0375106344927896,0.417043962169212,0.182122930514973,0.0391881338479206,0.0565887566203978,0.000122687226067709,0.26742289512864
"ACTTGGGACCCGGTGG-1-0",0.0317591259937188,0.38130738377707,0.236925786662275,0.0411003503130117,0.0393846891215841,0.000201425812066135,0.269321238320274
"ACTTTCCTATAGCTTC-1-0",0.0341578633293807,0.495889370159692,0.188106075229344,0.0172830719466612,0.0409167889480663,8.22583767648589e-05,0.223564572010091
