"","Astro","Oligo","L5 ET","L5 IT","L2/3 IT","L6 CT","Endo","Lamp5","L6b","L5/6 NP","Pvalb","Sst","L6 IT","Micro-PVM","Vip","VLMC","Sncg","Peri"
"CTGGCTGCTAACGTAA-1",0.00873766907015552,0.331185672341352,7.88470582848845e-05,0.000575426499518497,8.39581163576232e-05,0.0114171735204801,0.248978628019746,0.0307262224529545,0.0509307817874565,0.000762419087930208,0.000587890899510563,0.000832297463848881,0.00900329708803518,0.0597579371548044,0.0094389550800984,0.118046557842271,0.0486973308457013,0.0701589356714938
"AAGACTAACCCGTTGT-1",0.0533262677753989,0.000169638432730661,4.15491208609596e-05,0.000347368653201676,5.23500257249054e-05,0.00356825053590756,0.244008574672416,0.00127182959775903,0.0512338085191884,0.000137855198747498,0.0206734273242349,0.015374720504696,0.00309625427673245,0.170057540636724,0.0190019909195128,0.116245601991867,0.136906228371281,0.164486743443017
"AAGCGGCGTCATGGGT-1",0.361338123641914,0.0152164697241115,0.000228662447185566,0.000508936492625269,0.000573329299513078,0.00985042342460645,0.184704036533142,0.0025798751970172,0.0208526242550572,0.00486469951114983,0.0013724618929863,0.0016659780335927,0.0100494900287451,0.0885124238147146,0.00778778846917826,0.137078376773104,0.0434486555635556,0.109367644897801
"GTGCCTCAGTGTACGG-1",0.568959919195865,0.012097540876099,7.53519317665956e-05,0.000928288023016919,0.000409017442197349,0.0114608889563808,0.117342707890628,0.000829881929926005,0.0214525013392625,0.00757959587298051,0.000720602839039838,0.000653446347881204,0.00594349856150961,0.0691445352173571,0.00407259797368908,0.0868781770251743,0.0200106509682917,0.0714407976089344
"ACTTACCGGGCGCGCA-1",0.427135195124197,0.014808937700003,0.000817586332942145,0.00150833934031956,0.00125399445575449,0.0243188819511675,0.145861350602476,0.00473297493060166,0.0415197198936989,0.0115530290961572,0.00367379205659572,0.00212185834518927,0.0172937128122387,0.0671761042750766,0.0045572957899362,0.106954003212483,0.0451834424029384,0.0795297816782234
"CTAGACTGCATTTCGT-1",0.581284072618138,0.00742399390594145,8.62372364424964e-05,0.000668255889700532,0.000503400646459897,0.00772075918026293,0.113749675866306,0.00101644993658768,0.0186254666516144,0.00746302629191906,0.000724992185493144,0.00123688948579198,0.00660538791575917,0.0613008372728335,0.00534711746384017,0.0932686753228095,0.0230195511370797,0.0699552109930208
"TTGCCGGTGATCCCTC-1",0.239320682034357,0.0158624577443652,0.00327280675186305,0.0189620162998997,0.00576145980834838,0.038280447346838,0.156403271992671,0.00944688588444463,0.0850686407543421,0.0155694688627987,0.00605742602799908,0.0072786806021624,0.0550437064322963,0.0749721883866076,0.00981786008910665,0.106226628966698,0.0705468565398062,0.0821085154753961
"CTGTCACGCCAGGCGC-1",0.30249215636183,0.0104260075312942,0.00110463469074135,0.00917736475787888,0.00440412144463458,0.0519796798271426,0.133506871742718,0.0109054069209053,0.0674185991014778,0.0131949098093961,0.00669833052110287,0.00660387526945293,0.0443649686985715,0.0681812170261202,0.0130679451308831,0.0995532886428072,0.0842757890409051,0.0726448334821383
"CCAACGCTTGCCAGGG-1",0.305803367404412,0.0353784271837297,0.00165266606467124,0.00441534577989601,0.00418046470667786,0.0302324810274081,0.145458360145872,0.00901141279215393,0.0661217838615971,0.0074088201428853,0.00644594895556278,0.00547769707658276,0.0321598260572851,0.0725202320138001,0.0136122049488501,0.113048104737779,0.064554442684811,0.0825184144160261
"TGTATTTACCTAATGC-1",0.217196092575819,0.576698334151502,2.28810128856767e-05,0.000160631265206729,9.81068002087671e-05,0.00168089539595986,0.0908337171548923,0.000276399495216023,0.00383550871961199,0.000810683192639794,9.69224969101679e-05,0.000188055126776089,0.00140891932478699,0.0260622463924204,0.00170272315339359,0.0471493282372321,0.00789707970837801,0.0238814757961608
"TAAATGCCGTCTCATG-1",0.221792877983658,0.0226259101270172,0.00178845364693862,0.0128797200774195,0.0100152631286647,0.0567606654065458,0.143075718586691,0.0162613105508279,0.099737958373124,0.00948834344360318,0.0111605996157995,0.00683459812406444,0.0313223082506168,0.0700919392146513,0.0214212993254054,0.102538494481424,0.086972290864016,0.0752322487995316
"CGGTTTATGAAGGAAC-1",0.478681351999479,0.0254630378919877,5.33088056536195e-05,0.000573083041189904,0.000246152092474682,0.00644461114840237,0.131695728777396,0.00120957179065251,0.0182105146141389,0.0032669671043552,0.000554460355357508,0.00146300252087926,0.00574605081583078,0.0918134133287692,0.00404645427163446,0.111625828030026,0.0299704723046393,0.0889359911071337
"GCAAGATGTGTTCGCG-1",0.241589046193228,0.0536152286443097,0.00409775282149233,0.0145415698795477,0.00764661314182832,0.0482992486682572,0.136246533071087,0.0113211150703287,0.0960329054847774,0.0135039941539949,0.00909411735085887,0.0067968428188978,0.0343157694369919,0.0651727308763268,0.0119841212519518,0.0945898966165693,0.0755312097072979,0.0756213048122542
"AAAGGTAAGCTGTACC-1",0.525385682795793,0.0523144700624506,5.20107512099288e-05,0.00110998383764797,0.000198377745106538,0.00397321745012282,0.140156221289689,0.000700504080247597,0.018732220685981,0.0024039531214116,0.000891264879666366,0.000554974649948802,0.00452952921983778,0.0511662766792349,0.00255124248808745,0.102905643074615,0.0182737428641604,0.0741006843247893
"GTACGTCACGTATTAA-1",0.258203328745874,0.0275934267571107,0.00287744871587311,0.0137673324991631,0.00631696799823454,0.0519177065274933,0.159446669156982,0.00618015737420219,0.0637764118002666,0.0114196855349863,0.00585933867079301,0.00974401587341074,0.0410486971398342,0.0719629906830941,0.00854488040343943,0.107883605885603,0.0737357006161311,0.0797216356175087
"ATTGTGACTTCGCTGC-1",0.400821986951836,0.0106258035152491,0.000432462692525326,0.00272537705011727,0.00190680956649722,0.0155155902915789,0.141057459911436,0.00260298230013667,0.0476158324987844,0.00663417870145634,0.00232920095104536,0.00325264549841468,0.015020999823163,0.0682426153720531,0.00434797524910858,0.119276501252546,0.0585162622901928,0.0990753160838598
"GAGACCCTGCAACGCC-1",0.37805631000412,0.191870778973726,4.70170867249903e-05,0.000689991396794023,0.000246003440060457,0.00522709946283874,0.134275354662552,0.00112905991590186,0.0131386945855708,0.00324306547229076,0.000794768963386361,0.000885810810068886,0.00327925411917831,0.0689431821843428,0.00481536381494493,0.101095129004166,0.0237069430756824,0.0685561730276503
"AGAGTTGCAGGCCTCC-1",0.653145936226345,0.017914233494707,3.31754178645912e-05,0.0016111575298752,0.000263555675667036,0.00318178895911273,0.12427997667485,0.00187729133085565,0.0267991305292051,0.00303725256261053,0.000372647709584513,0.000409827843177999,0.00207399242629033,0.0482215482350467,0.0035178665732972,0.0609391265356709,0.00833516128009077,0.0439863309957488
"ACTGGCGAACCTGCGT-1",0.281318352399162,0.377697088640986,1.31742819050303e-05,0.000306612574683671,0.000112277397549342,0.00371078554396273,0.111496442860692,0.000699072805962838,0.0129981806049648,0.00150519595761986,0.000463134240508802,0.000393061536331161,0.00301865498990782,0.0373178353789515,0.00182226641276323,0.0703503233396958,0.018452783247467,0.0783247577868862
"ACTAAGGACGCACACC-1",0.249692468766357,0.0581806350133703,0.00118338826786154,0.00585471430646014,0.0057718263285755,0.0559919867767447,0.149991958233363,0.007755804672655,0.0824577625364774,0.00712993826110898,0.00925669097873601,0.00488721839614789,0.0347415955273735,0.0677151536571906,0.00579865723657549,0.0921044817060136,0.0892346008429363,0.0722511184920532
"GAATATTCGGAGTCCC-1",0.665374060298657,0.026041329550156,0.000102948659422503,0.000449068309631935,8.62277306738835e-05,0.004287675927847,0.0780300421801175,0.000608762353026159,0.0137509009737771,0.0044942523028473,0.000632709882677115,0.00053147349676841,0.00155507737224845,0.0403698355403587,0.00307030603185178,0.0816297634699391,0.0143115712207181,0.0646739946992816
"CAGGAAGACTTTATAT-1",0.449024821267086,0.00948771537766272,0.000351347973030618,0.00316561192272859,0.00112045974102217,0.0207618158898236,0.112960276742227,0.00966082592248382,0.0452816379835589,0.00681914990828915,0.00484632403738887,0.0104611290009659,0.0108163901994825,0.0570656548210388,0.015518191596815,0.0873281460849963,0.0913244347274864,0.0640060668039135
"GTGAGGAGCGGTTGAG-1",0.453278185459898,0.00355506215622649,0.00187096943484788,0.00792454814046077,0.0045153208397924,0.0269270439624659,0.124602903833632,0.00443627165028214,0.0556677793799823,0.00322951134703892,0.00124139248332642,0.00156124342109264,0.0332926554104023,0.0547710834239315,0.00774593351937159,0.0919520583602971,0.0604680411731071,0.0629599960038444
"CAATCCCTATACCAGC-1",0.496084256566498,0.076456347423012,0.000229660358212049,0.00142781700646953,0.000688229267662064,0.00894877515268937,0.119620293788544,0.00599195174774081,0.0290437349687511,0.0034064511220458,0.00182591068886376,0.00312293343141937,0.00601612223496885,0.0580027332137971,0.0102393465757053,0.0942374024115142,0.0340829125873466,0.0505751214547606
"AGGGAAACGAGGTACT-1",0.387509785816224,0.0120171996709714,0.000585245302701294,0.00563271589265821,0.00265630140346864,0.022644351324853,0.120617877196382,0.0131250190630571,0.0501976980408662,0.00495546852618321,0.00610806564136665,0.00403734659946116,0.0194070604384361,0.0687826421648228,0.0119610912429601,0.104450970150506,0.0955639744663137,0.0697471870587686
"TCCTGCCAACTGGAGA-1",0.566001373070566,0.0199114706606635,0.000289086543419727,0.000886961182453445,0.000457030843445992,0.00449866884499267,0.103407768580518,0.00193103375040979,0.0168565075160032,0.00663031258204242,0.00119690469429397,0.00170031891602929,0.00586776671483466,0.0495003757519101,0.00395105157690207,0.116487460546881,0.0247230133086375,0.0757028949159963
"AATTTGGGACATAGTA-1",0.408416436671743,0.0129026409131067,0.00102401886844294,0.00632352064796369,0.00344273734441393,0.0196248736457307,0.120022447795603,0.0080845627586122,0.0609127461875467,0.00602766283282627,0.00601988084912146,0.0053642570795991,0.0242687692352889,0.0702319826133711,0.0110135785874779,0.102074447348366,0.0608233001221628,0.0734221364986236
"AACTCCTAATCCCATG-1",0.664859480444922,0.0100338639322492,0.000102304676930257,0.00104843023575033,0.000184811850503539,0.00860502683072589,0.0928352143596208,0.00186568616238173,0.0357125305423415,0.00649628016284119,0.00114099117307617,0.00188336430022226,0.00175372647807661,0.0437514299568314,0.00342086458998391,0.0541540531627333,0.0340942599595776,0.038057681181232
"GCTCATTACTGCATGT-1",0.257697735615677,0.0153901330730907,0.0020155123946367,0.0133387095604592,0.00631883467717389,0.0344860984731545,0.135609608722166,0.0112537014391566,0.0943508217764955,0.0103750475090283,0.00393023029810687,0.00844312574592462,0.0424363274794025,0.071798951925926,0.0160169836661224,0.108996465097986,0.0885908739117151,0.0789508386337781
"TCTCGAACGAGGTCAC-1",0.567904832749488,0.00471917916000944,8.7245245290254e-05,0.00169622651848726,0.000663070527348508,0.00952336428509403,0.107267712335362,0.00434331900789044,0.0306289211224849,0.00647100737945177,0.00135088827031367,0.000830801018234829,0.00520652508112774,0.0549418004835836,0.00462567451474326,0.0869582115242774,0.0352707076871844,0.0775105130896289
"TCACTACGACCAATGC-1",0.332318918904453,0.0103156290776714,0.00297452419726603,0.00907978382671173,0.00738198651931225,0.0409784682863461,0.120382407602957,0.00879110974937579,0.0832952951921132,0.00993246222477758,0.00523129603017354,0.00676010264428328,0.0447503303169541,0.0644265620221072,0.00973298592470714,0.0995191697739506,0.0690526160533215,0.0750763516535185
"GTGATGCACAACATCT-1",0.222836267831964,0.0323379097050114,0.0014901970482188,0.00628890437872035,0.00493468183691988,0.0335154784107705,0.171992771281162,0.0147773277567497,0.0815868409543557,0.00822836344663892,0.00795529523130718,0.00895047091510028,0.0508330576674663,0.0813823546313024,0.0182278029900155,0.0934918131582393,0.0804199253291299,0.0807505374269272
"CCGACGTAAACACAAC-1",0.240616607688134,0.0228206843877062,0.00152815990426355,0.0077176758747139,0.0048723795070377,0.0461530468495927,0.140414667080478,0.0113292066941161,0.0812460160074115,0.0122793292107329,0.00717992887913939,0.0179844583476775,0.0379237278679396,0.0768777102199684,0.0168597311189268,0.108925007722596,0.0805257981977562,0.0847458644418096
"TTCCATCATGCGGTGA-1",0.259448046465927,0.0272705368654795,0.00286718430368705,0.00989667477843384,0.00265004092375235,0.0476469530376131,0.139824540622207,0.00941956721249904,0.0939292615066027,0.0137538560807899,0.00777111480777072,0.0111291499229857,0.0300806802224685,0.0729941437307123,0.01705920476837,0.105824875160748,0.0706543439285258,0.0777798256614285
"TGCACAGTGAAGTTAT-1",0.233943551672333,0.0102039056330706,0.00277145651931398,0.0159100097697881,0.00639727979986766,0.0425339303802672,0.143576802251602,0.0182149307679167,0.0985398363103043,0.0134635268255412,0.0076504645021302,0.00768125423921628,0.0488968928819825,0.0692876177084237,0.0223239119466455,0.0991744405583775,0.0839985397918027,0.0754316484414169
"CTATTGTGTTTGGTCA-1",0.344315524965364,0.141402062096776,0.000756754224116949,0.00320106205804135,0.00328486586932911,0.0301931977469832,0.118552898980527,0.00427747969094685,0.0516742229002718,0.0109935653701469,0.00507506949964407,0.00733677188233823,0.0117692609901797,0.056720255796942,0.00485442491664356,0.0921287044677094,0.047281255254785,0.0661826232892543
"TGCGAGCCCTTCCGCG-1",0.24768763780316,0.0735700472718838,0.00210039722315351,0.00999568935736419,0.00510783689885021,0.0450457327081931,0.140108036708614,0.00916259169966083,0.0672812788056585,0.0124051840034911,0.0101371858614532,0.00563161169799496,0.0284115145850764,0.0647776195598335,0.0135406200692219,0.104530142528371,0.082048515119302,0.0784583580987177
"TTGAAAGGTGTAAAGG-1",0.279316204882937,0.0685515213788805,0.00069439347486806,0.00348172783350759,0.00180887090623482,0.032395452632042,0.145207606938191,0.00545398413008119,0.0747228742313231,0.00897854549133125,0.00699960609554455,0.00598871111234306,0.0205660087269952,0.0775077372658851,0.0110249562089544,0.105365655648387,0.0780443906656424,0.0738917523768517
"GGTGCAGAGCCTATCG-1",0.344288388831478,0.0233899203091329,0.00161449172762915,0.00361319235829874,0.00242285066024924,0.0419980984158912,0.142703959123953,0.00592516432611585,0.0743697136373086,0.00944844336713655,0.0120516375670621,0.0045177945222095,0.0244751095684051,0.0608775071910412,0.0126103155728959,0.0884996113494772,0.0765986497567799,0.0705951517149362
"ACTATATGCTGTGTTC-1",0.180648186560083,0.0418630988710018,0.00270704243362944,0.0118419191821576,0.00450476374393417,0.036545357651988,0.158343055701522,0.00818650476319086,0.122826263999867,0.0200094512948265,0.00709577361960883,0.0209303590768967,0.025013972665122,0.0693188319000236,0.0119345469022584,0.0984798656397909,0.103205642488482,0.076545363505617
"TCCTGGCGCTGCCTGG-1",0.332945163707682,0.0578177502120867,0.000874196181067008,0.00470335375881549,0.00220199776770016,0.0389540554936979,0.139609168740253,0.00966974388020954,0.0348667856972628,0.00978964517425312,0.0129577104193245,0.00582357565439728,0.0199476450738371,0.0655848924705576,0.0112475915569639,0.0979251063054554,0.0742592683156034,0.0808223495908327
"GAGCCGAGCGTTTATT-1",0.188972375969862,0.0809978712858839,0.00181677753156693,0.00418581505256877,0.00247094055682166,0.0462959765864509,0.156872272567875,0.0071002531958139,0.0808748222526046,0.014636101629987,0.00788562281340858,0.0119717708805007,0.0344628639727656,0.0716426401255809,0.0176348826496866,0.101011001133083,0.0986163116187619,0.0725517001767776
"AGAATGCGGGTTCGGA-1",0.265046599340137,0.0167389139279354,0.00102640343778651,0.00334770132036617,0.00190977333749812,0.0310079743145374,0.154897039851163,0.0150571526330598,0.0660442953900852,0.0111361946483379,0.0250248457648705,0.0146417920570892,0.0195378010380975,0.0708714281982005,0.0171806547980658,0.107507378606948,0.0963063722175568,0.0827176791182661
"ATGCGACAATTGGTCC-1",0.433440949418594,0.0808322162101832,0.000394631833516195,0.00314338675788575,0.00062833971839954,0.0146751899493701,0.115637892627858,0.00263769291909483,0.0529525599320903,0.00652785996039061,0.00344786792468211,0.00838379330131345,0.0114575286007798,0.0568058143494722,0.00646650086396256,0.0903664640300759,0.0454094622659347,0.0667918493363971
"TTCCGGCTCGACTTCT-1",0.282419514157947,0.0504924735941661,0.00204184544825557,0.00604117844486367,0.00175954555196422,0.0363959908185521,0.148567990212552,0.0105184724583967,0.0807904759852946,0.00959738903467679,0.00855548561530156,0.00419055975483038,0.0318764035037317,0.0691054404940674,0.0108639922639639,0.0929993997073371,0.0753137183303543,0.0784701246237452
"TGATTATGGCACGCAG-1",0.344683004749777,0.0229468644792122,0.00100187253335484,0.00236017444605703,0.00148685550285321,0.0239767725584638,0.14495943356406,0.0107008440756244,0.0450211585346489,0.0127908710423497,0.0126604973078398,0.0102202935923402,0.0162925593780784,0.0627936973891481,0.0124727366935363,0.105274562687022,0.0926217120513864,0.0777360894142476
"GGTTTGACAAGAAGCT-1",0.370690584274362,0.0827589130973051,9.59826879560511e-05,0.000869756544139473,0.000357395727988483,0.00663848746833583,0.149169005277043,0.00192110075957109,0.0234433824582075,0.00492910710675078,0.00307774132202992,0.0019475964145903,0.00510157916804697,0.0788093741248879,0.00887506915630831,0.130803360985293,0.029021937960898,0.101489625466287
"GCAGCTATGGACAGGT-1",0.279857564476434,0.0182261101993777,0.00141049133584416,0.00855899774326966,0.00442355862224337,0.0403056222284557,0.143451383525294,0.00705405833944091,0.0545625672310254,0.00937289708645881,0.0110867711959892,0.0138925740455462,0.0293403363902597,0.0703422573637167,0.0156252753267212,0.109284202974908,0.0988674742669475,0.0843378576480669
"GTCGGAAGGATACCAG-1",0.415049274934962,0.175014353351895,1.72459188713371e-05,0.000510106038963954,0.000123982199896257,0.00312331780418065,0.121335792703113,0.000813613424561174,0.0169521736518192,0.00205766159995179,0.000658406981593344,0.000345349439047122,0.0026343077109265,0.0525273171419541,0.00241151129999306,0.105713162002589,0.0238532545528177,0.0768591692428656
"GCTTAGGGAAGCGGTA-1",0.406387567741035,0.0531120248108827,2.08962327684913e-05,0.000352594723377279,9.39810220539521e-05,0.00345109586858268,0.225760913612007,0.00415453217309404,0.0122257253757783,0.00174668480369022,0.00120046834572374,0.00103722947770289,0.00215262711669809,0.0694601352671083,0.00313830455452983,0.102752755167183,0.0381152432617445,0.0748372204460393
"CAGGTTTAGTACTACA-1",0.29631890693726,0.0437423860900686,0.00181002649196273,0.00787276589629352,0.00288786092909917,0.0377724594830238,0.16160810385994,0.00566014668928043,0.0837877155865904,0.00655080052328957,0.014324966654022,0.00523857469634424,0.0322263138297047,0.0596709696180035,0.0103736180990152,0.0817748525290109,0.08806637912031,0.0603131529667811
"AAGCGGAGTGCGCGCA-1",0.243987061990019,0.0242768198265179,0.00149615312049124,0.00925712025987614,0.00266575932676404,0.0627874890261244,0.137575460433253,0.0149041869396773,0.0727967070617641,0.00642647569315167,0.0153382655123597,0.0129585330120739,0.0270710984554477,0.0692403541011361,0.0137587597240813,0.090041028677872,0.12724058326319,0.0681781435762005
"TCAGATGGAGACGTAG-1",0.350514726540781,0.0126013237740308,0.00207645601415582,0.00469570448627381,0.00202478933008638,0.0350854605974288,0.166994881311136,0.0111985836419763,0.0551338074105943,0.00662117207108603,0.0147332680722984,0.00515875451055687,0.0148399525450232,0.0641348803889444,0.0138345751529918,0.100654545327002,0.0769103657592919,0.0627867530663419
"CCTCTGGCCTAGACGG-1",0.73537493231335,0.00727064021642504,0.000223785219960955,0.00296928226720201,0.000635454535500356,0.0133734968475704,0.0672590841997623,0.000809532518463672,0.025265486204313,0.0051260948586528,0.00043434581656224,0.000403088666916338,0.0068275975010759,0.0400740364631423,0.00181694039662241,0.0472868976034537,0.0106484204627302,0.0342008839082965
"CATAGTACATTGAGAG-1",0.440703686719063,0.0329166261120029,0.00127634163016826,0.00803207130339173,0.00579563476461002,0.0338447342342397,0.105203152378744,0.00530104852958138,0.0517522480612033,0.00802096325141165,0.00396445709025926,0.00346886061075302,0.0208566979093097,0.0521735810750676,0.00620116446989081,0.0992537151039576,0.0436398016187241,0.0775952151376224
"ATTTCATTATTTCGCG-1",0.710004553531761,0.0307212700635182,2.87929749329592e-05,0.000671612389575844,0.000156047836098431,0.00219451362405408,0.109768505059314,0.000829271844152707,0.0137048362868307,0.0040627393759258,0.000337385186712875,0.000288342117150908,0.00201154486047408,0.0240445792806393,0.00143786919572938,0.0527844977146622,0.00931887239924239,0.0376347662592253
"CAACTATATCGAATGC-1",0.297497350409012,0.0143428049045648,0.00269846563531843,0.0163880936910855,0.0104532767368095,0.0566820266922413,0.125901134887483,0.00505584713674953,0.0699523216748256,0.0158183514719281,0.003483996852122,0.0066900023250965,0.0549227139349981,0.0663096592322258,0.0142316851355607,0.0911888036581874,0.0822854188831207,0.0660980467386715
"CTAGTATTCGGAATTA-1",0.593894972801351,0.0165761595559035,0.000396288157549451,0.00225025320548593,0.00119109060932471,0.0235479171546291,0.115104534613608,0.00460242445136672,0.0291351757014002,0.0181285290759105,0.00157540061452839,0.00259613823399841,0.00752529148828433,0.0437301019477703,0.0154209095305066,0.0465355916444762,0.0446279756351804,0.033161245578726
"GTGGAACCTACATGCG-1",0.277717892833213,0.00960883248105036,0.00211656281385752,0.0153099544050579,0.00753246750946723,0.0471608427690086,0.120004241231446,0.0116778137079642,0.100459090180636,0.013395195577967,0.00530085541442789,0.00851208531130399,0.047773268413772,0.0678307556526629,0.0137568696560013,0.0965561726139975,0.0778961145012592,0.0773909849269079
"CCTAAAGGCTGACGCT-1",0.235168118222787,0.0479644806773312,0.00492648545676607,0.0156258782084261,0.0105286564792179,0.0529860305241554,0.135587354962964,0.00988667077788459,0.0856524178086026,0.00681567967530653,0.00545273355712766,0.00868227934375789,0.0542278530166268,0.0747120380042654,0.017248919494121,0.0990744659420165,0.0662898456886324,0.0691700921600109
"CGTGACATTGGGTCGT-1",0.262003985593154,0.0196115016133023,0.00231444085693282,0.0144999352629168,0.0202698255434118,0.0527975157986858,0.132438057127421,0.00998629700164186,0.0842520181822373,0.0102416128299059,0.00427784604062459,0.00657629755445494,0.062111265874629,0.064230356359401,0.0161748045619136,0.0920811336299672,0.0802766216261154,0.0658564845432843
"CCAATCGGTAGATCGA-1",0.287659884877077,0.0953865754682765,0.00242874995963932,0.00656042507042448,0.00567745073033877,0.0422384210521594,0.12738061165107,0.00581556517947579,0.060592225668659,0.00745938158907716,0.0036558386139275,0.00497020311887826,0.0442830099544192,0.0640940729844294,0.0104151940133971,0.0866940368181268,0.0794128171634191,0.0652755360872061
"ATTGTCGCAATACCTT-1",0.392183245964684,0.0107410314483917,0.00414765795167637,0.0207904947415415,0.00990670921323679,0.061019269457072,0.114347903444059,0.0076959814026528,0.0687368757677405,0.0214149043765302,0.00716058675751293,0.00471270850198623,0.0385622893700718,0.0505900068198467,0.0093177277996095,0.0669254589392018,0.0585378602516945,0.0532092877924922
"AAATTACACGACTCTG-1",0.360360644850119,0.0122747919653496,0.00190867492754816,0.00527868414348406,0.00353747860774827,0.0398948224154319,0.125345115532202,0.00778384981653705,0.07287274944274,0.0124482493964036,0.00512907955841941,0.00528109888607404,0.0435654541281023,0.0600287089996953,0.0125303754680916,0.098063945545722,0.058928217636197,0.0747680586801342
"CACTCCTCTCGGTCGG-1",0.358230646878933,0.105933965135136,0.00174936071509996,0.00640273434161792,0.00151073139171785,0.033876472014316,0.108868848377689,0.00695519463077493,0.0699880942453365,0.00745783664591234,0.00587322136811723,0.0077011255940656,0.0334357205944504,0.055240413936368,0.00987292042313432,0.0758829888666888,0.0501937013902647,0.0608260234503774
"AAATAACCATACGGGA-1",0.305027785156724,0.0228548256826408,0.00344582230741611,0.0106075084963744,0.00533727696041165,0.0380692350596183,0.120797494766659,0.0109081837187657,0.0756453963402727,0.0106604929642242,0.00506379958735577,0.0087887810097454,0.0419236986601176,0.0657250299401508,0.0163332553569139,0.0971630729543285,0.0852303890544417,0.0764179519838388
"AGTTACTCTATCGTGG-1",0.284903130633261,0.0135949806012556,0.00135039617002498,0.0115034763788236,0.00602145612876522,0.0467617966232393,0.130198579919788,0.00972815094646534,0.0901764848457149,0.00910913250822624,0.00545097154989562,0.0408253950606782,0.0335676364291523,0.0640147510979499,0.0155029999996904,0.0978681994669068,0.0662632907685631,0.0731591708716002
"CGTTAGCTCACAACTG-1",0.255444341287191,0.0367365542614731,0.00267998920116481,0.012169763245787,0.0111792401005854,0.0518739830903379,0.141298309353803,0.00740138029331537,0.0792078386922262,0.00801776762366952,0.0045582797037818,0.00952727453779035,0.050443317317324,0.0707626933763331,0.0151567129935015,0.0999664972699122,0.0644202777230025,0.079155779928801
"GAATGTATGGCAGGTC-1",0.284759330041235,0.00586458870669594,0.0011220237652824,0.0120337994472763,0.00389497808673442,0.0372477373722772,0.148089353059847,0.0043512624560531,0.069127820895482,0.00956972878951784,0.00419718525112791,0.1040062258819,0.022955750209783,0.0644222486529894,0.00786705783726663,0.0946728006083672,0.0502778426118421,0.075540266326322
"GCAACCACCAGACCGG-1",0.271216202760087,0.0227405321113389,0.00201868292567738,0.0109180175275271,0.00743999658961165,0.0322665392481464,0.125753016735256,0.0124263280445609,0.0925568111576427,0.00846832711426935,0.00788515709706158,0.00879834850995956,0.0515609730729963,0.07220615643684,0.0149827757696807,0.104216791283845,0.0718879255367942,0.0826574180787048
"TCACTCGTGCAACGGC-1",0.315567181603,0.047319636167089,0.00104700090250805,0.00628952451077962,0.00117308911800988,0.01678045180821,0.129929502335865,0.00582992597154538,0.078741364366804,0.0085712024127884,0.0055819532649726,0.049247739635174,0.0286258170284653,0.0695620246038535,0.00504469320718534,0.0974008259491023,0.0591449510368651,0.0741431160777828
"AAACAGAGCGACTCCT-1",0.316115808666188,0.0207935100961436,0.000940384406494434,0.00514013794716146,0.00244102749817669,0.0273267794379172,0.147361300007091,0.00175052060283169,0.0596771008111375,0.00977336034795154,0.00484236457980174,0.0412836228218625,0.0210286468270185,0.0738535645501025,0.0111853084089909,0.114289506641931,0.0598646064140449,0.0823324499351555
"CAGCCTCTCCTCAAGA-1",0.23883963572722,0.043160575381079,0.00149460529073047,0.0073733455033907,0.00425881210739772,0.0518172177104419,0.154684045251636,0.00611076426434129,0.0668898977012126,0.0055936066107993,0.00598400324990204,0.0104454922741032,0.0339072643999865,0.0837709771468819,0.0136656402498029,0.116665046448729,0.0680763711867499,0.0872626994955961
"TTGCGTGAACGCTTAG-1",0.238080791895928,0.0171570784353288,0.00132883473298034,0.00503338199641798,0.00297538209220269,0.0336797203117726,0.153968749483838,0.00948559909202687,0.0784830395630323,0.00806829093716379,0.00612648353237247,0.0321706271718769,0.0283372039657322,0.0890496303514888,0.0122734505578191,0.111716852038829,0.0876641228133254,0.0844007610278651
"CCGCCTGCGAATTGGT-1",0.24706339319014,0.0280953218893228,0.00127742260224143,0.00359413344874829,0.00137796420082942,0.01880446017,0.151394026496087,0.0113817469992932,0.0703430692093246,0.00890383863084715,0.0155168130845427,0.040485566305433,0.0181041477563976,0.0792215157888726,0.0177916725353547,0.111555282849437,0.0918191004839465,0.0832705243591818
"AGATGAGGGTTGCGAT-1",0.349724447590956,0.0229908628902223,0.0010466406800454,0.0048059242532417,0.00132489033507574,0.024730079860501,0.150880314580623,0.0139911566204584,0.0592421422988323,0.0129922276873792,0.0039664717735481,0.00575793474650275,0.0209924140135535,0.0679571216399023,0.0122696911409576,0.0982281636698979,0.0715916637830334,0.0775078524352701
"CGGTGGGCTCCAGCCT-1",0.292684609975769,0.0304893987548324,0.00169276461960572,0.00573941482354862,0.001135922361257,0.0306524656869188,0.137561794735354,0.012000699147754,0.0913490204166399,0.0109145119757634,0.00653676999055327,0.00484881177463632,0.0179312196862374,0.0666138488488275,0.0115749341813847,0.0995408801891037,0.087646575126468,0.0910863577053465
"GGCAGCGGTAATCCTA-1",0.268793936598616,0.057623825550029,0.00141695603436516,0.00432746424096375,0.00207076783235099,0.0280603203013313,0.13878376496081,0.00875728334620165,0.0666205888843734,0.0106754762522826,0.0139329863317553,0.0149915697931759,0.0243158196106021,0.0699567854261624,0.0120792879718747,0.10619726550088,0.0852560023668885,0.0861398989973374
"GCTAGCAGGGAGTGGG-1",0.341978291764949,0.0775903308112968,0.00116096410300954,0.00758556657011029,0.00200870022482314,0.0212650651713291,0.127677747171787,0.00598389199210007,0.0820372259179114,0.0143791662259711,0.0066702861771146,0.00797645433472784,0.0147425730167502,0.0622111879829633,0.00676050277161743,0.0912056977279492,0.0599256483119216,0.0688406997236683
"CTCAAGACATTAGCGC-1",0.281523509670256,0.0440137530384103,0.00369617857838251,0.00504702486249385,0.00298293251399236,0.0416201291478687,0.139322132406912,0.00762701836991525,0.0820103979666995,0.00931387478632947,0.00909812035742579,0.00853170745658552,0.0241774281851105,0.0728130776060021,0.0124239479910619,0.10397704848989,0.0717596883511391,0.0800620302215252
"CACGGCGCGCCAAAGG-1",0.263153372975944,0.0777631554055848,0.00368936970382157,0.00746380278844134,0.00220628767549939,0.0353667791123078,0.133895516902278,0.00786253406054013,0.0922987597707881,0.0132188847217314,0.0102643334466538,0.00925027720466722,0.0273959375600881,0.0642567681185759,0.0135297743431588,0.093448871397844,0.0721108523832726,0.0728247224288026
"TGCAATTTGGGCACGG-1",0.349241813809213,0.115760385615964,0.00245135065187573,0.00427940723429835,0.00192669272098117,0.0294749838048135,0.118947144012773,0.00717714965183744,0.0621560959459271,0.0120256790912083,0.00723217585630661,0.00262286359627136,0.0166552129810802,0.0601063337523177,0.007336214948514,0.0825960968128811,0.059511675400059,0.0604987241136784
"ATGCCAATCGCTCTGC-1",0.221796794149479,0.134541359424257,0.00103882454356918,0.00398384721452931,0.00113529378264269,0.0228510537186514,0.136407174154055,0.0145946797638253,0.0806564710199607,0.00783646746681377,0.0201414873233059,0.0163080562441656,0.0111512953298588,0.0651794670132333,0.0133600937158709,0.0932712294412053,0.0835992666653573,0.0721471390292201
"GCTGGACCCAAAGTGG-1",0.348470286112943,0.134999300244909,0.00114300453076503,0.00214885583954984,0.000986583160880614,0.027871514778106,0.118119929709476,0.00487971365100829,0.0491554894556617,0.00578801222578937,0.00576689081806827,0.00844729769928837,0.00812771851340417,0.0547572608226352,0.0103424782819741,0.0935975745369045,0.055331276120967,0.0700668134976698
"ATTCCTAAGACGTGGA-1",0.273584773606984,0.0671194066739731,0.00243959565412458,0.0110060906329764,0.00369762028037239,0.0399064868938744,0.12908180254665,0.00928506953156959,0.082332267180334,0.0113322755008488,0.0117969619731545,0.00944890353076254,0.0296549490952147,0.0672663616901099,0.0107470575314341,0.0923708679735978,0.0773709274106649,0.0715585822933546
"TCCGGAGGAAGGGCTG-1",0.325427078721103,0.0890739951154282,0.000882973097928071,0.00422628809016857,0.0018070589548342,0.0282525179038719,0.12592978225491,0.00637781202005978,0.0635958085275078,0.00680284320891151,0.00362797038960211,0.00450976874565252,0.018900834516067,0.0605940412669022,0.0105942073638418,0.10534363926458,0.0685454110028354,0.0755079695557961
"TCGGTGACCGCTCCGG-1",0.306779994541776,0.143659987204322,0.00135326842503361,0.00823624932686971,0.00196631951117501,0.0236531930921712,0.133812348457212,0.00419504066186743,0.0708850999276751,0.00902773271813701,0.00228089107111173,0.00240425721663369,0.0254742541854597,0.0585758780345362,0.00746863691816922,0.0879480493112919,0.0530407635761451,0.0592380358204136
"TCCGAAGTAGTCACCA-1",0.361476289050323,0.0316879563797837,0.00131834718142185,0.00525654857938938,0.00170884920253587,0.0309620472835321,0.140429483241715,0.00800742636340758,0.0753563354506797,0.0124597228970861,0.00538760955203731,0.0042569952151026,0.0167697651015925,0.0598152384116815,0.0103109798976424,0.0945888319406137,0.0641343275725668,0.0760732466788886
"CATGTAGGAGCGCCAA-1",0.279133064426962,0.0677349004732379,0.00116114977416901,0.00553068329527292,0.00162333971156295,0.0465197420414665,0.118670870477653,0.0068874209331838,0.103689845828127,0.00937880907324418,0.0100263471964576,0.010632086382005,0.0151402568405377,0.0678468367722146,0.0106151391957171,0.0855511570723026,0.0904550895613103,0.0694032609445757
"CACAAGAAAGATATTA-1",0.41192273057316,0.0498088985019376,0.000487003954063773,0.00308769935636622,0.00176142317811094,0.0270947002778722,0.128898534273246,0.00994738618135067,0.0436205179937912,0.0108641594950379,0.0047547357948195,0.0192311177807028,0.00968658727047763,0.0619588440173436,0.00857673897183941,0.0907591912338794,0.054083797767786,0.0634559333782152
"AGGGTCAGTAACCCTA-1",0.46656074909901,0.0518777723602929,0.000272758684733305,0.00142253561322872,0.000481280418083204,0.0141944375870956,0.113881411451489,0.00516750253169844,0.0321425755280497,0.00420207502232926,0.0033862040121762,0.0176335860780508,0.00722352136315325,0.0501874364530519,0.01274028187884,0.0939361598272666,0.0577428394225237,0.0669468726689273
"TAAGCCCTTACGACCA-1",0.371905297335384,0.0345560796091978,0.00151602215928196,0.00573320300273866,0.00358668885834869,0.0413958366186033,0.114707402100923,0.00700083038698256,0.0867236039741971,0.00750085536300599,0.00338790407695949,0.00336122287926848,0.0165997768040238,0.055308223706214,0.0106103300997944,0.0859700805143996,0.085870833454428,0.0642658090562487
"ATACCGTCATCCATAA-1",0.378857797168057,0.0431290125118182,0.000964050051138294,0.00556846213140763,0.0025417825774948,0.0261161779039465,0.125211443241109,0.0072548050028577,0.0530363861046453,0.00803740506380925,0.00604060314053437,0.00514173269052192,0.0252065460268426,0.0675975516187668,0.0107883506735753,0.0996971227464435,0.0595535654127912,0.0752572059342411
"GGACGTCCATAGTTGG-1",0.380823703929142,0.242156828063123,3.5410534306657e-05,0.000337952925522287,6.8697362142049e-05,0.00400788888742237,0.113603580558947,0.000585637514344857,0.0125211859380062,0.00258419945748123,0.000393417994508266,0.00117945365001285,0.00210418597913151,0.0621549643761599,0.00269728387243582,0.0978351978154369,0.0190489863878111,0.0578614247540662
"GGTTTGCGAACACGTA-1",0.158914190551793,0.55193779184892,4.53917504317715e-05,0.000308425774046833,0.000178542202127897,0.00176765292573596,0.0979518492556379,0.00133682244009725,0.00461344907003616,0.00161035248623888,0.000493593694716776,0.000623121933668931,0.00191333935917986,0.0254815523970217,0.00276994508112357,0.0861548108855714,0.00778330891514787,0.0561158594285047
"ACACAAATATTCCTAG-1",0.44889290184091,0.280607902643911,4.19613017657729e-05,0.000382711024872101,0.000198956653701045,0.00859287678918649,0.0785724629299955,0.00101008303139088,0.0170509106910505,0.0036638748703041,0.00101302037082703,0.000919744734026345,0.00238064854969814,0.0362131573893941,0.00320678451219025,0.0531552531677644,0.0233614760161594,0.040735273482853
"TTGGGTTTATTCAGCG-1",0.293015461344509,0.0327779372562877,0.00107341752577793,0.00940809996178524,0.00361307944404293,0.0364283388704723,0.139229576340244,0.00916038902494222,0.0881399732821155,0.015648228662334,0.00846551700335636,0.0116634001753199,0.0210550791300271,0.0615065263943002,0.0138450351889722,0.0923173705145711,0.097832334313386,0.064820235567556
"ATTCGCAGAGGACACT-1",0.263658813135911,0.0597718501210852,0.00128888033517509,0.011084116785019,0.00312511525570511,0.0383204525085569,0.139300930862578,0.00845054406328667,0.0724370505821799,0.0217336556348871,0.00830962650633525,0.0146479244051985,0.0222848807275783,0.0554934358226148,0.0174233259648418,0.0894256047009387,0.111053553024912,0.0621902395631969
"GATTTAGTGCGTACTG-1",0.328615515128264,0.042936286221168,0.000778021907201775,0.00392915479582845,0.000947103970290899,0.0193001835726907,0.124243036238158,0.00890518942634368,0.0848132258759846,0.0118200537682205,0.00729392365197082,0.00900997551968942,0.0103619967607962,0.0701687988580821,0.010200254248275,0.102084062075607,0.086834099712242,0.0777591182691876
"CATTTCTAGCAGACTA-1",0.263721304118174,0.083826472331332,0.000787459721826331,0.002264587117743,0.00149302355464751,0.0132743677825414,0.200137811683707,0.00444721710811113,0.0367180330493528,0.022632037038635,0.00339599157713076,0.0059304983637077,0.017494307179471,0.0875147727156386,0.0185156132254945,0.118392044046751,0.0322093469798829,0.087245112405853
"CGAGCTGGGCTTTAGG-1",0.343793708398344,0.330141756056762,0.000123163358163847,0.000830867997232968,0.000620992263099777,0.00526515663155713,0.092183022670451,0.00333296005237061,0.0100104439910238,0.0043650897083606,0.00106942893375782,0.00127652391586833,0.00540337582937254,0.0537438987116038,0.00796835269570883,0.0668455931057368,0.0332155517731437,0.0398101139074425
"TTAATTTCAGACGCGG-1",0.571997213740403,0.00750224497339289,0.00024090165415725,0.00212278520527332,0.00127111623571227,0.0123488638660334,0.12072543374841,0.00218053951904697,0.0166132249175614,0.00730542873750333,0.000507121568606955,0.00113941708725951,0.00795674034088057,0.055932958330288,0.00540855400920067,0.0920979291372829,0.0250538775575331,0.069595649371455
"GTGCACGAAAGTGACT-1",0.400323221033078,0.0606952884971159,0.00140950492588833,0.00593524937304095,0.00307324059447349,0.0277253244020364,0.122193860056199,0.00607496073058143,0.042894555138412,0.0100807467760523,0.00332063809095758,0.00340927728071766,0.0190595285764007,0.0615532073329308,0.0169182778923604,0.0873904685889447,0.07059965079832,0.0573429999124903
"ATCTCCCTGCAATCTA-1",0.665582975189814,0.0204590110521606,0.000100421338675426,0.00178979457504584,0.00102590527555597,0.0149040288000208,0.073411268472132,0.00266181744636982,0.0217333173550692,0.00890354494383984,0.00128857772404133,0.00106052167790582,0.00454519147947418,0.0490120330640326,0.00489255797881141,0.0700445496283889,0.0225429567105422,0.0360415272881206
"ACGCCAGATGATTTCT-1",0.211279037796055,0.0290076962117265,0.00211419397803727,0.00703650211510957,0.00535546191056702,0.0361027506699238,0.15411475300779,0.00967522645892837,0.102671491330819,0.00708826459024495,0.00878357885579199,0.00646422738969097,0.0350110376259884,0.0641300078943532,0.0116850447220193,0.119812075824331,0.0838143965828275,0.105854253035796
"AGCTATTTAATCCAAC-1",0.475307673300315,0.0156243617908268,0.00024634891516733,0.0020544108860717,0.000907587633320935,0.0127573181059537,0.10020115929847,0.00387568833900187,0.0277841407840525,0.00447885030268057,0.00249308136951467,0.00385654048202576,0.00845558565603396,0.0482004835808284,0.0142909921792457,0.0773884982879776,0.147794588568144,0.054282690520369
"CCACGAGAAGAGAATC-1",0.335447722517417,0.0105781124676551,0.00312729772865228,0.0197215058979933,0.00918774688939852,0.0477748046855799,0.136999789354972,0.010180702097883,0.074873898673677,0.0146232659267606,0.00532483980459743,0.00675401086080607,0.0418698231222648,0.065348654141496,0.0110623042927274,0.0878191065002836,0.0615669206129195,0.0577394944249164
"GATTCCGCGTTTCCGT-1",0.31028743799939,0.0133873467992628,0.00296093710996685,0.0181498414720104,0.0121077325979754,0.0490737306112143,0.121946585060367,0.00640112099253932,0.0859282595913456,0.0128863746953728,0.0047863576177927,0.0102121965785312,0.0417905708005146,0.0628330308475723,0.011962344981439,0.0902026935659139,0.0681410284814545,0.0769424101973376
