"","05 OB-IMN GABA","30 Astro-Epen","03 OB-CR Glut","34 Immune","33 Vascular","31 OPC-Oligo","32 OEC","06 CTX-CGE GABA","29 CB Glut","09 CNU-LGE GABA","12 HY GABA","10 LSX GABA","02 NP-CT-L6b Glut","11 CNU-HYa GABA","13 CNU-HYa Glut"
"3",2.17421979874591e-06,7.78877909970212e-09,0.000526501208707344,0.010624450294719,0.801881761338311,0.0252801133206453,0.0898275645854761,0.0116331381983991,0.000166693173981351,0.000139781109462988,0.0311091182888999,0.000581415846353087,0.0178791098942984,7.15530120119466e-07,0.010347455202049
"4",0.0229024335415344,0.0128798990982397,7.49122645019504e-05,0.0371009991033907,0.0311576026687941,0.00600604767205279,0.128157545549647,0.013582916798894,0.0943513909053241,0.116327893736317,0.0577938573270521,0.207051554376052,0.066297579693615,0.000525137665549983,0.205790229599035
"5",0.0620824724598461,0.233728067700426,3.10026178272246e-05,0.000614576326118398,0.00464089815118947,0.0015425507308872,0.099285444684016,0.0398127697832396,0.193727825612453,0.0179217696765371,0.088096132553976,0.127834938676573,0.0190111803786149,0.0189062946054919,0.0927640760428041
"6",0.125118469790163,0.0555127049650706,4.11513520575541e-07,0.00889698588514034,0.0176523087208019,0.0333422409350951,0.027975454378866,0.0289583234243407,0.139969392145335,0.16498371038354,0.086324953760917,0.303708068576021,0.00108302310632767,0.000975579214659448,0.00549837320020252
"7",0.0518974009486853,0.00996234713549972,0.0206992611868385,0.0734217575469292,0.0101535264525989,0.0346617304991219,0.0890505195900087,0.0716830859746412,0.145731198339145,0.084586904636575,0.0219756175407551,0.205641962757201,0.0679827073430059,0.047653224590835,0.0648987554581591
"8",0.0198581304928463,0.00912430588917571,0.015001699777665,0.00208491644246299,0.000866486677034794,5.61842081292059e-06,0.460783781969978,0.0122391161209292,0.00662002666844709,0.0817900999101785,0.010238000392293,0.0106064741640569,0.15684134301856,0.00346408429665284,0.210475915758906
"9",8.0917147521738e-05,0.000846398826089604,4.00226371652711e-06,0.0644248597987815,0.281178818847074,7.40891199448321e-06,0.161812062627382,0.000373882215005024,0.229236870044183,0.000129026540916669,0.0945882355475647,0.0534586828404352,0.039180748492374,0.000579121405342389,0.0740989644916196
"16",0.0411814384751842,5.35263717330699e-06,1.63718625072464e-07,0.000219653121435607,0.818974319655102,5.03913535716542e-06,0.0309896492920708,0.0231512555698516,3.49763342887476e-05,2.40091279755676e-06,0.0837771101153288,4.26359524399673e-07,5.53123655604776e-06,3.2934315404237e-05,0.00161974912130044
"17",5.62151883234099e-05,0.0442850258525905,0.000505388519864546,0.0382484252702957,0.136449082181436,0.00307953012037165,0.284491641247879,5.25803304488958e-05,0.107230486299788,0.000527582733740966,0.0123723497349708,0.0200200796129099,0.0739952597190909,0.000616299676615863,0.278070053511674
"18",0.588718350046323,0.00202086735815049,5.22413194394301e-06,0.0333343236224206,0.00018399664011013,0.00129030849515169,0.0220607180740545,0.215068353546336,0.00456424798633175,0.0224996246599117,7.40094549504451e-05,0.00191026493899276,0.000262723475732261,0.107927167893021,7.98196765699249e-05
"21",0.274568080453484,0.067921975636483,0.000389771436638262,0.0144460379071429,0.0102946889899144,0.0213622139787438,0.000642412979874854,0.00230981927267303,0.116221906618523,0.198739730626775,0.12713672387896,0.162437255169498,0.000121287639613451,0.00211458332226208,0.00129351208941356
"22",0.0428848797275301,0.300577004428291,7.68422212416229e-05,0.0105920356471482,0.220218159753127,0.0169631679611163,0.080888156964198,0.0537089277238226,0.0442156575665184,0.0395000693763405,0.0074986511526577,0.141040650309652,0.0082784364908881,0.00578424132438439,0.0277731193530832
"23",0.0836385283051637,0.120086638059645,6.95017256293705e-06,0.0097321884830682,0.0129566055141509,0.0321581874114151,0.105778554152288,0.054768993994988,0.130571297591655,0.0128269332572323,0.0605955110161528,0.275104101379088,0.0180132872069349,0.000130700703665225,0.0836315227519899
"24",0.049651441965508,0.213768628191739,2.0290729823203e-06,0.00612381488335862,0.00571976713566756,0.00172468411429363,0.0577537504637098,0.0446007093247287,0.128949287649187,0.146623973878795,0.0533618890923249,0.214061350418031,0.0191940447750865,0.000726616307501853,0.0577380127270863
"25",0.0605313750060935,0.0555075520599175,3.4523198150407e-09,0.0172087610036577,0.0113052174919158,0.114358539417924,0.00732785505130079,0.0404668141755514,0.1899346521946,0.0268189583729912,0.00771103684549527,0.466847929237039,3.55972365564746e-05,1.56834450544219e-05,0.00193002500958343
"26",0.00471067964679524,0.000582484487197979,0.0523528427682403,0.000451455553221944,0.666318674315104,0.00278690279260206,0.0270520885584258,0.0121875311412422,0.079873377578159,0.038825727236489,0.00943904854073057,0.0593245310529865,0.00100784507514655,0.00958814863707453,0.0354986626165839
"27",0.0243450341615476,2.84327313493955e-12,1.53189378125708e-06,0.161569316109517,0.376312223049159,0.000392508393249993,0.0276012723895468,7.8446438831845e-05,2.10426260248144e-11,0.241575418967621,0.115090936694169,9.78415531912557e-05,5.25302762549246e-10,0.00159376511867578,0.0513417046815213
"28",0.209250751276312,0.000203116535486167,0.000106632160435718,0.036292120516311,0.461361027884491,0.00624651000585769,0.193551874577608,0.069859108632147,1.96710708983849e-05,2.16452393736416e-05,0.000139056057865962,0.00755868005119473,0.000633281482888789,1.18499459067986e-06,0.0147553395145393
"39",0.00764547795031296,4.06752786557944e-05,2.71068301324949e-05,0.000178565134178925,8.69437538618003e-05,0.00030258383091514,0.00222701992655771,0.00981934457953348,0.320671606416746,0.0011533189990667,0.118288219547694,0.488940067225782,0.00962760740695176,0.0351677552712411,0.00582370784837008
"40",0.00193288795885571,0.0361106618573502,1.74370592361779e-05,0.0823822758427884,0.382466796806102,0.00944766490701528,0.131841630969838,0.0369457072264916,0.000568205168510325,0.00778829206613863,0.000558400803102638,0.0342150946542802,0.103212238747711,8.34579839402562e-05,0.172429247948639
"41",0.0580719459714633,0.0030443783629554,0.000100035809501298,0.0252806557344557,0.0521088706637289,0.000430002153435246,0.414176589127687,0.0572964499112132,0.0733129451500732,0.0634295411137154,0.0105013106823136,0.0486721413567005,0.0944840553718282,0.00584305869431811,0.0932480198966105
"42",0.0568426831737473,0.10195990475162,5.9271044099248e-05,0.037908985500812,0.14939274016482,0.00378294569945609,0.175166076547409,0.0449621278747533,0.0545323914037364,0.0163642443815691,0.0563974647479839,0.230175212651856,0.022973024256076,0.0113598632422092,0.0381230645598526
"43",0.063262148601388,0.00602894081004555,4.96937931614658e-05,0.0019636967393952,0.00186861563684703,0.00421757656348823,0.180398719311457,0.00281948369739037,0.0656877831783623,0.199725241058984,0.137720000436544,0.267380560472542,0.0308702229128518,0.00348235481690781,0.0345249619706365
"44",0.0896655818062527,0.0762906291884529,0.00040947266820156,0.00909925792941312,0.0028064894012108,0.0912083125881101,0.00407090018856205,0.131715174612539,0.0506318951379997,0.067578029767709,0.0157456198845898,0.40669728905442,0.0016937185835749,0.0474003994951986,0.00498722969376526
"45",0.129138888611151,0.0170386511186814,0.033898723931263,0.0041262762692197,0.00031690426586114,0.00670456263186309,0.00208305104696452,0.160059842756162,0.118864975170494,0.0812492126472886,0.03018674741839,0.313896465234783,0.0125250502281808,0.0881874141342673,0.00172323453543035
"46",0.148395467496055,0.17323347540614,0.000114519434812459,0.0243450580602094,0.00160896692762092,0.0134876821058602,0.00178803992202813,0.0840894546264099,0.109366738236403,0.142072928667767,0.0251009662392712,0.213788618289108,0.000749712836909404,0.0615495126897164,0.000308859061688894
"47",0.297185437982901,4.20051284322155e-05,0.0289765949203078,0.00462419713539157,0.000623042389076592,0.0146070874113095,6.17174052150029e-05,0.124794238587022,0.115357532731917,0.147997857737171,0.0130679274772186,0.187887152708933,0.00109327167244439,0.0636466206595132,3.53160531483629e-05
"48",0.216696274912854,0.0860926423495832,3.21239923252807e-05,0.00397875102528837,0.00109293562972163,0.00494430500438943,0.0306274449641754,0.162864353670935,0.0802809955418938,0.13479669809726,0.0559557041759139,0.133458025926579,0.00407187708190357,0.0688196498915785,0.0162882177355981
"49",0.108172279536537,0.00645984531698257,0.000185430050961313,0.0832138106600655,0.00474714827892913,0.0123186453960204,0.0167841792186145,0.0545953978782194,0.119837444003297,0.121578092048027,0.140527834932049,0.300613418366525,0.00141769034011416,0.0237611668755376,0.00578761709812006
"50",0.00241751278932103,0.00116031793325721,0.179351331536081,0.000165949144373437,0.00108017005785435,0.00450084524223348,0.000474812042408654,0.0235682467373411,0.206073066466789,0.0293627290094877,0.148412468355207,0.379323970123082,0.0229640953050429,0.00084146982664071,0.000303015430880186
"51",0.00463064358972768,0.19161948710854,4.40414669179803e-05,0.00022321174539384,0.00189405225951336,0.00167701880231974,0.286457266663115,0.00240097848219186,0.0528312366134089,0.0102449807146358,0.0648454952387817,0.0323810989383494,0.163908666075649,0.000271023329264106,0.186570798972192
"55",0.168352181153813,0.0786482471247918,0.000268240483553771,0.000526064800266654,0.00258453513837656,0.00553026307509309,0.125847346371763,0.0356859776743295,0.00179177417571577,0.0822958040786733,0.109912838098889,0.112807526680261,0.0434899383548905,0.107025678343369,0.125233584446213
"56",0.0206841517124411,0.0626042211534374,0.0379778890954467,0.00110858359649041,0.00151356369810965,0.00850470538681553,0.161493403501608,0.0884871611393846,0.122945127324688,0.0250848666264657,0.0134509948356677,0.231919572802766,0.0665646055552222,0.0162522914032514,0.141408862168205
"73",0.0285721522460938,1.23760187622468e-05,0.811476672008394,0.011332058609761,0.0128544105017507,6.38849870727011e-05,8.8464749409049e-06,0.0151732084039069,0.000101419065979209,0.000107842216354603,0.000131181188015432,0.105337285144537,1.49551880898061e-07,0.014635267331496,0.000193246251054567
"75",0.161017591298609,0.00232421397729213,7.3865028935157e-05,0.00661913815574833,0.00402286540668432,0.0347008003128407,0.0897697511064286,0.0447262309696729,0.100816006848486,0.247100878370586,0.0471864324872955,0.157270937058876,0.0224832412889279,0.0129111988574613,0.068976848832156
"76",0.0227616373702963,0.0217876058822902,2.52714596887672e-09,0.0095445201767873,0.0253982799977578,0.0166931218800675,0.00943080782455079,0.0715800757921037,0.299360618164273,0.0463683422144542,0.0796352892637558,0.392205147978852,0.000484650479353878,0.00165579258488341,0.00309410786342738
"77",0.0814680771408465,0.0129330100994652,0.00702385941831462,0.000889239327647789,0.00219383736634049,0.00123138373751532,0.150993574961404,0.0111050963953657,0.138488030971955,0.331376093459408,0.110197142466653,0.103715588969075,0.0148487650643314,0.000974589031979909,0.0325617115896967
"78",0.0869513321273754,0.00283167143864492,0.0177049181062079,0.0707110732471481,0.00674538414357125,0.0143840533033217,2.57597469151217e-05,0.0796870315198708,0.117206426850767,0.0916688460067099,0.200700012160218,0.271714838097068,0.00669907545049386,0.0329583080139228,1.12697877653522e-05
"79",3.47860425373006e-06,0.198142915969156,3.01706753783021e-05,0.000383903856011312,0.800653437415318,0.000696199300114128,7.94345324248514e-06,9.19033749272558e-08,3.42455974874822e-09,2.75345779389706e-06,5.39624939751095e-05,1.90693240612954e-05,8.61046465021292e-08,2.26981388452252e-06,3.71420423024414e-06
"80",0.0357423381030303,0.00343194343619943,0.0596937352201806,0.0599409047315249,0.0121004499822675,0.00768067093184601,0.000662259602948239,0.00860383862449643,0.197507075428831,0.054266656170503,0.165947340207632,0.386552430385595,0.000737009651899075,0.00641303647353443,0.00072031104951187
"81",0.14975327215843,0.029019891357719,2.13750491937869e-05,0.0332757970769828,0.035081929455554,0.0350543391381703,0.00120339410621595,0.0634240288873366,0.089227333157857,0.177331441825681,0.132604200823388,0.232635328704973,0.00119758605388699,0.0201015387915047,6.8543413106508e-05
"82",0.180432016191399,0.0293582072731925,0.108076121556762,0.0212225876059981,0.162564510631679,0.0051461902188112,0.00191493779539078,0.0583656227879062,0.0637986078124352,0.0846187764920734,0.00795424077394724,0.24117289713264,0.00246622442427019,0.0298239072135836,0.00308515208991149
"83",0.000463248723634414,0.0442318829615966,0.00118554857066648,0.0109639522636364,0.818774092876201,0.00107567364945612,0.00202525793550948,1.02967403668649e-05,0.0289327330682727,0.0731285431895912,0.0115164942531174,0.00663257369237432,1.99148103686707e-05,0.00018692701003098,0.0008528602551773
"84",0.121193837481231,0.0967895630663696,0.000956169473447429,0.00527248776584177,0.0457378845356717,0.0157878333508746,0.000296159877302017,0.0467121235474178,0.133285529501054,0.0915124781168989,0.134833531151133,0.306008597400915,0.00019739243607501,0.00130030822663711,0.000116104069131558
"85",0.144930411621379,0.000842777287389414,0.111939735564934,0.000578565742385269,0.148189599954365,0.00392512902561596,0.000128641998429292,0.0100827208435738,0.0282315905864628,0.117417549674509,0.120687828329321,0.267592188070251,4.92328731674103e-05,0.0453998093865275,4.21904168946224e-06
"86",0.0511755045875902,0.0847354863438727,0.00329408274235417,0.00417375795745599,0.000900957444149596,0.017649036909652,0.000818387345189936,0.037623918041636,0.225993478604367,0.144156876666334,0.10669294425212,0.310751987885631,0.000607901275792816,0.00985863392425648,0.00156704601959889
"88",0.0288296216027963,8.57374212420438e-07,5.87179930608028e-05,0.00570424763964228,0.624149715503806,0.00114114286593917,0.159102064806708,0.0796913067326204,0.0111977915888807,0.00073851558235321,0.0551475341628116,0.032018750296496,0.000306560390879604,8.5515909155625e-06,0.00190462186887828
"89",0.0789916402158165,4.04387509616366e-05,7.73176274460459e-07,0.000545877940768908,0.00084234022744756,0.00545448510901408,0.213687451798578,0.0590010772559372,0.102007715100627,0.0296180889580407,0.00044757668742273,0.266070995984245,0.0942967877741489,0.00202353083037204,0.146971220190344
"90",0.00333930336079534,0.415546696174315,4.34169790739845e-05,0.0144490710416518,0.311461496685173,0.00939025602888382,0.0613334686665372,0.0152833445837224,0.0640033613248112,0.0110090302813115,0.010631560866951,0.0588880322408762,0.00412993411163628,0.0113653228336712,0.00912570482058961
"91",0.00569176279729096,0.00803934544714176,0.0647704453876423,0.0168309761182705,0.00812625716182044,0.0305441823947605,0.00239048174397945,0.03563094053054,0.180796964270594,0.0193321794997569,0.0757167807033181,0.513537558046881,0.0313863887373594,0.0061983628038755,0.00100737435676999
"92",2.23398454424361e-07,0.580137595686029,3.04703605160995e-08,0.0754310593971821,0.185640680172249,1.26428515810889e-06,0.138070448640337,3.33061180642582e-07,8.39692311821308e-06,1.27904515365066e-07,9.78901565398041e-06,2.0577754472368e-05,0.00258864902841916,2.60006628114604e-08,0.0180907982622077
"93",0.00365945049547817,0.00630649883938738,2.02673703245301e-05,0.000872925381417905,0.00500569428166586,0.000214757643863664,0.395772773412987,0.0305990075943916,0.168929101757751,0.00372798938602375,0.0511637961412195,0.138383842457723,0.0492299888516078,0.00122401389501025,0.144889892491149
"94",0.0451071463291589,0.00186126723707476,2.76238436871898e-05,0.0682265779458185,0.515394182936946,0.00018213197392745,0.0972961237753126,0.00931074868059315,0.0324746984426786,0.0547717707688657,0.0031963832311288,0.00410948588957871,0.100786306582154,0.00643826424775044,0.0608172881153246
"96",4.1079544298669e-09,0.933478390643441,8.10718544412735e-08,0.00315034774080751,0.000723406008207503,0.00395772077901271,0.0558157274863305,3.08018742675942e-08,7.47090537533981e-09,3.40154463665402e-07,0.000101500235491871,0.00277062915632543,1.09744341472985e-06,6.22929656431545e-09,7.10670619760138e-07
"98",0.0489117170371308,0.00304834132241864,3.50891827437897e-06,0.0201384525091255,0.00483343270723501,0.0939942755870247,0.0019508282111286,0.0646633358747035,0.125326884703874,0.0936465131262197,0.0076347517632975,0.525156049636266,0.00385576782852833,0.000180038802945346,0.00665610197182803
"99",0.0680924781592522,0.00613534626946378,3.79311454234226e-06,0.166265115831708,0.0628886191099018,6.7771932184105e-05,0.0879675530394904,0.0629104718944524,0.136789442408074,0.0582294830127493,0.00634133746072124,0.183568492660616,0.0530595679136372,0.00132756033136873,0.106352966861838
"100",0.195264699299113,0.0025897893266897,8.81275961442463e-05,0.0300935593904868,0.337220359333255,0.0225864016093254,0.00303644280353947,0.00287979868424815,0.0517798786447537,0.0915114290190485,0.044908789347806,0.180232665807727,0.000833168768588268,0.000662305126120948,0.0363125852431544
"101",0.443945310309943,1.26568977750874e-07,2.85940667821821e-07,0.0873627329811984,1.26245004946842e-05,1.77575644222561e-05,3.7682350563262e-05,0.0589450489368011,6.00289657342928e-05,0.2452458260255,7.40105760358744e-08,0.000103251130732283,8.226234451515e-06,0.162017848239192,0.00224317624074562
"102",0.000249000922449939,0.0103584110686791,0.0151312071116355,0.00314090323352418,0.15469629541524,0.0168341201103362,0.0674353485026077,0.000430067221910556,0.0594267011808192,0.000743330169653733,0.0509576745269523,0.326697656305645,0.156511558103417,1.90659118032013e-05,0.137368660215326
"103",0.0370910884450853,0.000263290607708516,6.16923567636334e-07,0.00697511528755804,0.541670941347733,0.00912728181726615,0.0695451976674795,0.025256786026674,0.0732858815651136,0.0069589178654254,0.0201175248791114,0.157996029388713,0.00767151486331384,6.52267668473698e-05,0.043974586548403
"104",0.0393625708009079,0.0310405599906055,0.00104552510175881,0.25122238384171,0.333037675683767,0.000393612169110392,0.0756153869145855,0.00285596530195848,0.00736519404548072,0.00206699464863838,0.0292472573203805,0.0526173985960849,0.00716124167282508,0.0016548868307353,0.165313347081452
"105",0.000178459617636446,0.000136366949162954,4.80987607837211e-06,0.010120154648694,0.740558367850641,0.000639920517153826,0.107272581364727,0.000781164048496768,0.0416966318596195,0.0114554451943638,0.060112231850307,0.00419912127343011,0.0136950643328992,0.00260353483749267,0.00654614577929747
"117",6.41999732216923e-05,0.482665541723009,0.0567100114298808,0.328275851712715,0.0448242238367131,0.0314601195807338,0.00153733449436242,0.00412846908958596,2.19062064636739e-06,0.00100303423840538,0.000202691950402335,0.00805712381065458,0.0292601082424649,0.00116059237549099,0.0106485069217136
"118",0.0572067635866996,0.0403035951806073,0.0544940130862403,0.0242263230634495,0.00195344159760474,0.0224264555106829,0.00233267153800897,0.149470704349526,0.175309770420569,0.0769774027661993,0.0053430303415886,0.348638217136665,0.000111231307440152,0.031367698112939,0.00983868200177994
"119",0.0416650887005511,0.219431931075389,0.263772243870302,0.0327491047991096,0.0670185443446422,0.0182727734936147,0.00365448505007854,0.0635471944100044,0.0786628833506482,0.00680881796091439,0.0185802339700786,0.16873959855015,0.000105891147357701,0.00760187019796928,0.00938933907918937
"120",0.0846428878040906,0.0466253707327481,5.38454170394148e-07,0.0117570401369841,0.0618776259680836,0.24792838195717,0.00647141934176585,0.00180174874195003,0.130784545171406,0.177187626541777,0.100204890970384,0.117475982250271,0.00283520002583952,0.00095342437244351,0.0094533175309179
"121",0.0019066605077506,0.373265473273567,0.210391197227032,0.000901935127628791,0.00148008774581872,0.000794740219530477,0.00126577123372396,0.000431119963610072,0.123249904038105,0.000524512596557881,0.00956203160488209,0.266412856614985,0.00683979315468356,0.000230111040100909,0.00274380565202358
"122",0.062957039626908,0.000577424726792701,0.223217029430812,0.00168894600447594,0.110313337582842,0.0107794782000746,1.20165541465263e-05,0.160112352293667,0.0893648950504963,0.0335918104635207,0.0333371229339523,0.255706169313947,3.51196028886954e-05,0.0182891226612046,1.81355542718893e-05
"123",0.0406633513923259,0.293898356736728,0.120510322459581,0.199888203042592,0.0110515708701194,0.00287483172600859,0.0023371369209697,0.0128565204031288,0.0689131867538191,0.0166233265376611,0.0142083596051306,0.212873876073025,0.000766539838596294,0.00177972820423305,0.000754689436081425
"124",0.0494011517452413,0.0738180744984324,0.0416448277065486,0.131933523463968,0.000670393794871648,0.335060137607886,0.00241047868889565,0.0266647523657066,0.0285585934980445,0.0152544580340176,0.0524311959296348,0.230445880787171,0.00353102401940983,0.00794928170701375,0.000226226153157858
"125",0.0262126640190026,0.00309553892221693,0.706871380221507,0.0134181227233065,0.00146824704963776,0.000547498588783951,0.000156508594544113,0.0625052472716346,0.000115428471044115,0.0651693834525718,0.0596000832539056,0.000277034893626367,3.96324759995447e-05,0.0605092580109018,1.39720513171186e-05
"126",3.41534306501746e-06,1.8833029590729e-05,0.89543393488762,0.104204705849391,1.19877787632029e-05,4.8077863115625e-06,6.72920105706666e-07,3.57397409173593e-07,2.13000820071604e-06,6.32121695822394e-07,1.01652778881398e-05,2.67686194103773e-05,1.12153890819342e-10,0.000111007190430759,0.000170581677964111
"127",0.170782668265736,0.0569689104260329,0.0580596130992603,0.000143101829034498,0.0727030596644434,0.0153930096241679,2.39282191232214e-07,3.63832488605993e-06,3.09591204387206e-08,0.225834111995294,0.389715962571671,0.00341590346907196,2.27044383662529e-07,0.00675751652917707,0.000222006915530155
"128",0.190734293310574,0.0382023670183921,0.125482219563441,0.0299469219323828,0.0266933759408882,0.0163162690775456,0.00130641351891452,0.0419928406820187,0.0742964469574558,0.103751679961632,0.122532733257626,0.223518537750231,0.000840398793254876,0.00401211880694873,0.000373383428694772
"129",0.253326433359726,0.0416544241057815,0.467231651448122,0.0751893511819841,0.0545270027234231,0.00814426289502658,0.000165003472052248,0.0254509584650272,0.000286910713969483,0.0334313784279473,0.0227361393918059,0.0132900080212641,2.32606921676944e-05,0.00453792987383083,5.285227872194e-06
"130",0.208389943474917,0.00371062429980348,1.84104292252597e-08,0.000393333916247358,0.000515126660058886,0.00441559940770693,0.00109035233751999,0.0585206407855061,0.271259043756969,0.0572122493849929,0.0214759144310056,0.35886084052232,0.00190377712446413,0.00715567332308068,0.00509686216497821
"131",0.0388286231256721,0.00874955560081603,0.197916548922816,0.150735730487864,0.170597970474975,0.0107827423311918,0.0221371090286441,0.00028258122162185,0.0477690997134577,0.126306373553177,0.112340675954049,0.080890065118362,0.00828170763083826,0.00170592113682094,0.0226752956996936
"132",0.01615372987215,5.69458746084806e-05,0.836423930852554,0.00574377842446587,1.37942522595766e-06,0.000852839151250059,1.02598931591568e-09,0.09816122660481,0.00203754096381365,0.00424527029562039,0.00875054005599998,0.000551245438197928,4.02903706909007e-06,0.0270173339582841,2.09019961047956e-07
"133",0.323339804071119,5.05333309323116e-05,0.0137300316133156,0.000785790019404681,0.230350863435829,0.000945816616684965,4.9483257930105e-07,0.0193205816189976,0.00774526161849919,0.0806933968541484,0.186221227663266,0.120598547172686,1.82742810390949e-05,0.016193502698434,5.87417306477194e-06
"134",0.150539474427144,0.095904537195399,1.41231121933879e-05,0.000416109760926529,0.277801479789711,0.00215185005616948,0.000768473202877543,7.21224451814274e-05,0.000236588726702048,0.299957226464409,0.156580266099741,0.0127731289852572,7.6288665687833e-05,0.00211154820957033,0.000596782859030142
"135",7.24544485056324e-11,0.0415690713691379,0.362986394006432,4.9935931990649e-05,0.240385936781525,2.71921669203088e-06,0.00519585988991746,3.75747005392886e-10,0.179313821480787,1.39331715031951e-08,0.00124096671931925,0.122535546500558,0.04589995464881,1.00263371294437e-08,0.000819769047120763
"136",0.174129545822004,0.37252790232768,0.0176326039897178,0.00129167323774876,0.003087824232681,0.0156879731866195,0.0132674917596316,0.0323599813214935,0.00761380448822515,0.131631356451606,0.103024997797005,0.0539491790677754,0.00228885747685116,0.0667198900560054,0.00478691878495671
"137",0.0965688426299761,0.259147140194328,2.02904183047404e-05,0.00127011115024131,0.00953208275527503,0.000778882191783992,0.11399736023811,0.059776347171196,0.0960822912459204,0.00560780010483171,0.0277198466163616,0.111119258946601,0.075760592985197,0.000288077592772748,0.1423310757591
"138",0.000168158314259734,0.00323113944473908,0.00930426824731557,0.00247145226244768,0.00544726415351298,7.28571176487801e-05,0.555228548577728,0.000323049558916866,0.0375943439605261,9.7197316839346e-05,0.00017758602364809,0.000981748626472461,0.146363580020526,0.000127780412974678,0.238411025962445
"139",1.01188042924484e-06,0.00305695196258473,4.62577920436054e-08,0.000883965009544673,0.306618106067978,5.34099910978751e-07,0.416900640027749,6.08086118086051e-07,0.116185586050871,0.00023109547625499,0.0221704567027489,0.0144611814747728,0.00966605415181703,1.22108742884107e-08,0.109823750540554
"140",0.000207718251642085,0.000112735718227048,0.000160076339300126,0.038232717994541,0.413679147227073,8.18883168225707e-06,0.19329642023286,2.20122672981699e-05,0.058244302727043,0.00129199582036283,0.00397069415852751,0.00366145539049694,0.145224113297893,0.00589822955878892,0.135990192184263
"141",0.0445844779175463,0.000463805541933009,3.95010585032437e-05,0.0163902913651163,0.0404846522623648,0.000639212495061988,0.302885742465021,0.0378973108322766,0.0464072470327306,0.074117580498071,0.00223402472812467,0.0343455250300577,0.215306698133907,0.0244247535110921,0.159779177128194
"143",0.181846472810206,0.174231642906933,0.0064236979628796,0.0346821047169903,0.00480842381683348,0.0154775887607101,0.0105232937647589,0.0852628683751601,0.120506281686964,0.160069128306862,0.0110767829947073,0.168246738706501,0.000569103035488068,0.0260978370091654,0.000178035145840961
"144",7.25922585643183e-10,3.45274190098235e-09,1.18595290210587e-09,9.79973293661326e-07,0.999999014392759,2.2368116716185e-11,9.91269971866854e-13,4.29560595588345e-11,4.35006717499315e-11,2.53365205306346e-11,1.2549991681474e-10,1.95920952112599e-13,3.1699699482884e-16,8.43249825127843e-12,4.89349694348588e-14
"145",0.0191690790244754,2.34513575746346e-09,0.518058649523962,1.6769819782129e-05,1.66045102584575e-07,0.000248014756278805,1.66849473338511e-06,0.000636952811395795,0.113946802700766,0.0244034951341594,0.00378615385984549,0.310384090561697,0.000341436664587001,0.00895582704861919,5.089120945965e-05
"146",0.065083625450798,0.00360589077576803,0.00218702006463073,0.00138575193124004,0.0342779357420993,0.109397650071688,1.99498209774875e-05,0.0124720228236509,0.0127825040355438,0.155311708091579,0.139811072329924,0.461678523046909,0.000527207315007502,0.00133987607123398,0.00011926242895009
"147",0.229928102304591,0.0106993818549219,0.00303189319318394,0.00577115719922728,0.235540768265903,0.0177034215031162,0.000471112162847327,0.00708938520534956,0.0107905385740566,0.166526757000363,0.226024608744062,0.0788578259082092,0.00104242016312067,0.00525060055923306,0.0012720273618155
"148",0.191447059756291,7.80447982755324e-06,1.41470607817961e-05,0.000274677860850026,0.259395684776035,0.0844095939818696,1.17382261425075e-07,0.0028501888659756,0.0139418063042387,0.115502520771539,0.048579522913457,0.282733997442885,1.41854568253343e-06,0.000841378356387007,8.15019187980884e-08
"150",0.196906124907982,0.160168148817094,0.0857885447067877,0.0649963019773915,0.00387917534856534,0.00552694536780851,0.0569603108916343,0.101236188046819,0.0387392371652248,0.0787839819831191,0.00478826496851846,0.155270753800685,0.0189048096446735,0.0204560121396761,0.00759520023402112
"151",0.199607588571025,0.000977173972931432,0.00039504347264858,0.0217199275744059,0.108997417522193,0.0117405283246803,0.0300046508903122,0.100000111677595,0.0586582574701984,0.146724238866168,0.0315704591974303,0.185136100729409,0.0103293150573233,0.0390431645189575,0.0550960221547223
"152",0.0377473278589199,0.00349707886227341,1.1843090826871e-07,0.321298461536186,0.0294724333822696,0.0168741231590318,5.39610143798598e-06,0.00771403386967581,0.130278062319898,0.223993991978789,0.052920924007153,0.173346750609485,0.000126545934672437,0.00266207638368615,6.26755656140974e-05
"153",0.0135712134195891,0.127900919776903,1.14715129897319e-08,0.441616721336135,0.0330029472321779,0.00998603821257421,0.00761589042044815,0.00385965948312917,0.0993605159398075,0.0289904436721656,0.0167491534836813,0.199665009282221,0.000120681056632001,0.0004192857914167,0.0171415094216063
"154",5.52778187490526e-07,0.0660051256758642,4.36731398641068e-06,0.0584248497936082,0.0104548305043985,7.33500292231498e-05,0.107903348771363,3.16734258337906e-08,2.86707913732195e-07,0.024079977196608,4.67623549737679e-09,0.00022187408682043,0.2161975045053,3.30853504595173e-08,0.516633863201715
"163",8.37231129398902e-06,0.00112295028971302,0.00660075697497122,0.00129688792097982,0.0113838613633741,6.74377823806396e-08,0.384448890229166,2.5806453601351e-05,0.0330023502432918,0.000144817536423063,0.00133711589934149,0.00329608559308922,0.169253453578347,3.16248614054265e-07,0.388078267920012
"164",0.240746674062356,0.124450325302046,0.000104339700173006,0.0617982822394775,0.000387384065407247,0.0135033234599844,0.00245178071146474,0.1478090915506,0.0241933976221723,0.166827814482023,0.00265931658042252,0.137206709517043,0.00766494144760598,0.0486201029611733,0.0215765162980513
"165",0.559777119888258,1.91339494641691e-06,0.000264531246102496,0.144835054255688,0.00159068553128644,0.00769255297335681,6.34651366278703e-09,0.277097969532651,1.16617690054289e-07,0.00202627055089939,0.00128534524559732,0.000212474335045029,3.10982804724889e-07,0.00521564654280829,2.55635185551287e-09
"166",0.000458465665352286,0.207897931371429,0.314886876065213,0.00160233866250928,0.00227269709047092,0.298846537804721,0.00908558521273168,0.00469302268092722,0.016200089260801,0.00111472731477883,0.00355764551716911,0.0847602065039546,0.0333239014920958,0.014558076915605,0.00674189844224068
"167",0.00567265455717973,0.517585773901369,0.000132525362797829,0.00101542273410622,0.00245316164576054,0.000813591099576927,0.0202228973025372,0.205039867059967,0.107406539415805,0.0101963944878588,0.00817106364363908,0.0537885477571299,0.000304323323261311,0.0526600929096065,0.0145371447994049
"168",1.56079918093258e-06,0.224170407946178,0.00872550372287612,0.000128883618762286,0.766550150183668,0.000310044255241478,1.56900953756663e-05,1.20724725176827e-07,7.39812995906894e-10,4.70918811358635e-08,7.12553194693922e-05,5.81601634222208e-06,1.50147059101148e-05,1.48679490790862e-07,5.35610108478136e-06
"170",0.0179082919165356,0.068345706610301,2.26167344336821e-05,0.00334080487634246,0.821321957371736,0.000839794445953937,6.24193409082996e-05,0.0367825704289221,0.0349406084826094,0.000550163093336046,0.00433889131701002,0.00908559451316692,0.000390425705560958,0.0019931222405669,7.703292261679e-05
"171",1.39725010796755e-07,0.0898498631073395,0.299544793599667,0.290444583229303,1.23563117663177e-05,0.303247886558851,0.00125929280852286,4.43763683704655e-07,1.71815158354266e-07,4.10201917785263e-07,0.000209282103354069,2.56104043247545e-05,0.014781583436215,3.98314730141459e-06,0.000619599787584293
"172",0.00058522345521753,0.0620903579053719,7.11118678888727e-07,0.354630517546238,0.339066223615833,2.66865449601009e-05,0.0189644974144276,0.0390454965531743,0.102344366278531,0.00111644940098335,0.0476455978462918,0.0122551518754078,0.000552063694708136,0.0029456072495733,0.0187310495006031
"173",0.333563154961946,0.00256030849581268,0.00440833764201746,0.0107350230629567,0.365943710567807,0.266793868567182,0.00131026549120951,0.000363700034983647,3.45141638991716e-05,0.000570412510493331,6.19131212702488e-05,0.000499358299195918,0.00065903936297571,0.0121053509897775,0.000391042728473167
"174",1.94963198143435e-05,0.975939788228956,3.82193373350822e-07,0.0018081454632558,0.00022259724699959,0.0011232108882222,0.0193126914981042,7.77751174391824e-07,6.46298310055685e-11,1.67305270843082e-07,0.00129873915950353,0.000206081637793503,2.31876541216765e-06,6.42835176365422e-06,5.91751257266089e-05
"175",0.161383119400281,0.000380876443226365,0.158336870886821,0.0151886792717105,0.279557251702284,0.00409939753369717,2.66183444001397e-07,0.29076744666332,0.00618900491470874,0.0264843754927231,0.0064334066444432,0.00858047613737594,1.03811397130119e-06,0.0425776601374195,2.01304745742057e-05
"176",0.000662711793721773,0.0433704454366407,0.0947099707417234,0.000395817294988879,0.177492664978077,0.665766577245983,4.9955318021433e-05,0.000134116094389593,1.56820880801098e-05,0.000176354836563756,0.00125884093324655,0.00339681339112995,0.0125374100813723,2.25657994998355e-06,3.03831861111529e-05
"177",8.70131954012802e-06,0.000704573182785065,0.452699378197766,0.00159676230410709,0.544735091513097,5.96410161899187e-07,2.14257357960622e-07,1.88547109736596e-07,1.50378661594801e-08,1.08297165733801e-05,0.000174014485822954,2.1262524951764e-06,7.90944292364746e-10,6.74017642703718e-05,1.06220102805354e-07
"178",0.234758734767735,1.03222445968844e-10,9.58251008059526e-05,1.05054342986555e-05,0.735399418574015,2.78919944966476e-06,8.49211154655998e-13,0.0223065063025265,0.00361093798833446,0.00110200513402279,3.75716691747638e-05,4.66882584477035e-06,1.12017450650247e-09,0.0026710354292292,3.50317288730405e-10
"179",0.287428431496753,0.0324334037759301,0.00871589937746974,0.00123767927342281,0.458802668867738,0.0241675322454918,0.000100255296277709,0.0777581950583398,1.52796230172411e-05,0.0529496409942815,0.00283948686465358,0.00013733297462872,3.15007274201471e-05,0.0532227605760093,0.000159932848566736
"180",0.369239275609967,0.140023493289374,0.0067452166480916,0.000600197201580789,0.422006215745694,0.00223432794883025,0.00057581409553589,0.000756426723687353,0.000118270673578146,0.0254529912278356,0.0188334167277584,0.00442022887996846,4.41924754174808e-06,0.00889347899754035,9.62269830167627e-05
"181",0.00773233972620515,0.00354183263829147,0.451070528911736,0.00116421610944514,0.213044155802662,9.46817912623935e-05,0.000202356599352848,0.031203828554027,0.0149998171107749,0.0169237614259758,0.0539296780265742,0.181384217863283,0.0170834374521011,0.00751136509237613,0.000113782895932451
"182",0.0889290687027857,0.000362846504422926,0.0221226635198894,0.152890926553532,0.00349068761534513,0.00633863883667732,7.9612141757864e-07,0.034574084615954,0.114757362888992,0.142037819383071,0.143525783349744,0.286191466554833,0.000135004047693014,0.00464159401973863,1.25728590526701e-06
"183",0.0138455796278428,0.0941147029414949,0.00860255463988123,0.14636640910776,0.306939311745631,0.00300490760986942,0.000323946614362341,0.0064627459650513,0.0903676272001322,0.00820858735106506,0.0804232290120529,0.238626374132614,0.000824300645337496,0.00183196700995258,5.77563969526855e-05
"184",0.151639549819521,0.000715774287385498,0.00465450187128439,0.00386270741139639,0.132003320405328,0.00287022998112325,3.90242248099934e-05,0.110605215943428,0.0743897907358751,0.15955836024157,0.10547538843332,0.213393040400162,0.000218236229532858,0.0404378927854524,0.000136967229810422
"185",0.0466226058151835,0.00371551522775042,1.60972707829209e-06,0.390533876366417,0.370252736379466,0.0130878237900561,8.62486117632143e-05,0.00828749185355945,3.27309708462183e-06,0.0751316001277867,0.0655075720544497,0.00178285984848446,0.000119185575802999,0.0245282151333988,0.000339386391719146
"186",0.0907421119481086,0.00525090164020976,7.45323085193836e-05,0.00248776095875607,0.000737061493073856,0.00015249984874593,0.141924896444582,0.123254546268984,0.132253898403311,0.200243731938419,0.011252392691927,0.134069969553382,0.0342363551330596,0.0326076275817357,0.0907117137871851
"187",0.146560512831526,0.081962946532955,7.50871038254147e-08,0.00739084812893006,0.076422792256156,0.0222111232841095,0.000752180228453099,0.14145256551866,0.229129340654064,0.127751020778412,0.00533192103176485,0.148818564062543,6.1121883939399e-05,0.00214441260094749,0.0100105751204345
"188",0.0392046386286985,0.00112298124970377,4.43860593523159e-06,0.0434287886320729,0.780069115958848,0.00154626986213632,0.0884569674595225,0.0199394218682701,8.46207914423997e-06,7.26378481567507e-06,0.00208582040992793,1.58253409277062e-05,0.000130918724222535,0.00012355770112294,0.023855529694652
"189",0.0250464784369154,0.0113995581440028,2.37909663594508e-07,0.00392462918958132,0.0743329262587954,0.00725135734798559,0.314105912668587,0.0193808674067223,0.0831714768534524,0.0621314808600862,0.0116120399328735,0.187292619017179,0.0767262658691698,0.00126742416631547,0.122356725938671
"190",0.169556233636117,6.68730881708806e-05,1.48746289415538e-05,0.000913184788481435,0.356362691685416,0.0154769718581112,1.83410735404492e-05,0.0682395621197761,0.0663160517812858,0.100127477555547,0.0272294372087768,0.171996373010771,0.00011091286163936,0.0235652354594229,5.77924400366746e-06
"191",0.0478286049769841,0.0255916254395398,3.86710076383109e-09,0.00251012754751044,0.331732417432451,0.0910702587411609,6.25601877767664e-05,0.0554858157584112,0.0217738956093037,0.0389475496510892,4.76877226640198e-07,0.374835622732393,0.00444284239993719,0.00507138400822115,0.000646814770894534
"192",0.348616225592671,0.000178510301122491,0.0161869058185179,0.00458629806284672,0.00550872078211818,0.0155964201184486,8.20895836904181e-08,0.0158776912398178,0.0158919045559342,0.148976786318299,0.165581847903284,0.249961349461446,0.000170971114508414,0.0128657844453065,5.0219609559392e-07
"193",0.0543802040735799,0.0202002338894587,0.0301333464040658,0.0388413571593221,0.00802905346620083,0.00367444502944679,0.00859827640445048,0.0144961725420668,0.0436496094892794,0.0107681391386952,0.0794865059382615,0.611684815553931,0.0588083546106003,0.000908285458870178,0.0163412008417716
"194",0.488669736636814,0.00838747695368771,0.00195945839814113,0.000606889575046208,0.0601478754595184,0.0107965182640069,0.000128530608406431,0.0199122874593016,0.0093998726349734,0.00227587044791532,0.091084872278931,0.305262937465595,0.00107925144574176,0.000219219493658196,6.92028782626674e-05
"195",0.107909235678174,0.115641770089657,0.305337672703843,0.0101927145689445,0.0358695744585076,0.0142209960964085,0.00542104533750052,0.00206549664745855,0.0822707433515429,0.0550388817606054,0.117337771690842,0.146415312053781,1.54254661500106e-05,0.00174790000070058,0.000515460095884327
"196",0.0128686456738938,6.09152161454101e-05,0.0562235548036159,8.47513646130518e-05,0.00742858418882117,0.00185069226452624,1.58658899719691e-05,0.0703456608340317,0.247830018225584,0.00848702596021959,0.0365333504694513,0.541686992641096,0.00240240960771783,0.0141600649340111,2.14679263008473e-05
"197",0.151642177618394,0.372005300048613,0.0270144083806556,0.0107058741336401,0.0313535011723787,0.00225908167275113,0.00163537109056674,0.0519099422370633,0.0872937676550385,0.071507228933137,0.00529631349571306,0.171952250382951,0.000227543151812015,0.0136986711702941,0.00149856885699139
"198",0.236583582765799,0.135032320954214,0.26141137786528,0.00310308178328785,0.00814987985710533,0.0164620266553879,0.00116165603092943,0.0732313673533082,0.00170923941969835,0.0602709034618508,0.112807955161579,0.0784191020290467,0.00163906775514542,0.00728498537158662,0.00273345353578173
