"","05 OB-IMN GABA","30 Astro-Epen","03 OB-CR Glut","34 Immune","33 Vascular","31 OPC-Oligo","32 OEC","06 CTX-CGE GABA","29 CB Glut","09 CNU-LGE GABA","12 HY GABA","10 LSX GABA","02 NP-CT-L6b Glut","11 CNU-HYa GABA","13 CNU-HYa Glut"
"3",1.63407784730908e-06,4.61991855253921e-09,0.000497747885717867,0.0105036796348479,0.802179702277734,0.0260768244417956,0.0903090253880319,0.0117245078651904,0.000127705571945211,0.000112805693020852,0.0307554531004351,0.000497664903696318,0.0172268375706079,5.2697681440551e-07,0.00998587999239697
"4",0.0176550756635918,0.178584361397586,2.39865306292943e-05,0.0496427530373567,0.0178274684250108,0.0043615829008285,0.0938787033034468,0.00973986119917346,0.0755845773719579,0.0629625487281602,0.0490169650852504,0.247879179228853,0.0218578165029015,0.000951649890729544,0.170033470734524
"5",0.08653046359607,0.141957588149108,7.03987112227245e-06,0.00114853410825256,0.00842113184207168,0.002487918325817,0.123680360488622,0.0478073461361061,0.19357770664524,0.0208982790612239,0.0623596607882425,0.179759961620151,0.0177793353731019,0.0102909121179149,0.103293761876956
"6",0.109755520466847,0.102926271783306,6.05941076682981e-07,0.0164479239469564,0.0169011438836832,0.0229658569205338,0.0259399599996208,0.0333250277804466,0.13492104526131,0.144695659508822,0.0782552095110227,0.306739226466697,0.000808507576339954,0.00122297277620707,0.00509506817712987
"7",0.0401154943813103,0.00252864735970036,0.00782216729298071,0.0384543806660415,0.00529995185829233,0.0167192259896677,0.174992518841843,0.0572162109800095,0.126544222612692,0.071101335118264,0.0151580455784975,0.202494345812392,0.0916622738216021,0.0271557579126428,0.122735421774064
"8",0.0240884049905029,0.0585475549253842,0.000362183924412309,0.00131303643909067,0.00766286374277559,3.02713831809607e-05,0.40420925373521,0.0216003673617124,0.0489501019113435,0.10368082784082,0.0150142595666876,0.0447297626095782,0.0963124673076691,0.00635598850870614,0.167142655752926
"9",1.73904927279276e-07,0.0024869152874093,5.69834861031911e-05,0.0848916955894439,0.364437574753726,1.51890535822175e-08,0.16075841062677,1.22888410217676e-06,0.239236797064959,1.07921330123122e-07,0.0696664404431854,0.00356374541747179,0.0210163994595702,5.70195110553944e-06,0.0538778100208426
"15",0.000244688489256662,6.1535439120735e-07,3.89028808198274e-07,0.0176828514670098,0.437053055098972,0.000868907826298816,0.300919699249153,0.00359054802936993,0.0905259019367408,1.29369353365901e-05,0.0344903730455039,0.015623513495978,0.0625706139451968,4.45708702010574e-09,0.0364159016408972
"16",1.9377466352573e-05,3.66171760891067e-05,0.00170519088739817,0.0162875867031509,0.568990431848437,3.21402698187115e-07,0.326038033952352,0.00935523498127773,5.93434114480045e-05,0.000487629044392186,0.00973690700682202,1.70957341675638e-05,0.0110581181201331,9.0526873886389e-06,0.0561990595778928
"17",0.00607262945282992,0.0205070616225497,0.00135123153855417,0.00361519707173928,0.18498388854362,0.000135462950550598,0.284357793223734,0.00291093117426026,0.0878554348184591,0.0138501663186889,0.0675679771181953,0.0649517304736905,0.0962496440417907,7.72679370884845e-05,0.165513583714249
"18",0.136385319731554,0.0721372338381993,0.000152746097352662,0.0517010050921504,0.0490641376171715,0.0918145261715538,0.147712928799745,0.06309070845533,0.0314388947133772,0.0314453582886474,0.00503440973169118,0.220819734245816,0.0136604913053322,0.0368656597729868,0.0486768461390927
"20",0.229980189669561,9.43980669490562e-05,4.87880055371814e-06,0.0298615965087701,0.00102606265061337,0.0114649180807721,0.000286277613529869,0.128353367884865,0.109073829468218,0.155784799733129,0.00686404103778344,0.211549072553561,0.00403254785737311,0.111557453039577,6.65670347434263e-05
"21",0.385091607995609,0.0616285472589402,0.0107638604633427,0.000254964649135196,0.0239426753647722,0.00748459985445474,0.000168695637286211,0.000579518121267156,0.136185479652493,0.228506075362438,0.114252854175384,0.0249171084972525,1.93855403494188e-05,0.00588339468902866,0.000321232738247175
"22",0.0826266276178841,0.212766014152381,0.000604745569906218,0.00979452627064968,0.255855714064063,0.0100715883733296,0.110562038054404,0.0958655350232011,0.0318086779299652,0.0471491090201444,0.00472921207970416,0.0817491514518914,0.0158403223260665,0.00939281163279724,0.031183926433613
"23",0.155942714086149,0.172603998208333,9.81996693905963e-05,0.0422371620273763,0.0128334431677289,0.0880215293169169,0.000741609157167281,0.0705040762274664,0.0754790091054541,0.0510091491351816,0.110089658176322,0.218248056120678,0.000117716797873067,0.00192820258444969,0.000145476219513417
"24",0.0565247751880692,0.00402226730787289,1.06963072276246e-06,0.000464034064527875,0.00079818837689564,0.000270398346788382,0.226526967040213,0.0040272268547792,0.104853278204372,0.0890653671134157,0.0772127479070174,0.115240384042312,0.158801684045562,3.43495102436007e-05,0.162157262367208
"25",0.0038639535532207,1.81829656089001e-09,0.00021647839386865,0.00187618306230762,0.889494800524442,0.00219562035850897,2.11321004613419e-05,0.0128095976122405,0.0583671984806776,0.00142158595976835,0.0191725131916046,0.00213781882927681,1.09028274472683e-07,0.0083846714071807,3.83356798713037e-05
"26",0.00529923237353742,0.00066164891699265,0.107771626598241,6.1090102861787e-05,0.575225507891686,0.00117880106190181,2.73485782864428e-05,0.0166798186391037,0.102808138203639,0.0518969217107517,0.00330880887403016,0.127200290540319,1.4527905511887e-06,0.00777546165918748,0.000103852058911653
"27",0.211810855941948,4.16554063430396e-05,5.57981440807414e-05,0.0531148434847053,0.45825049319086,0.00643713975115353,0.182290368044296,0.0610256516509993,4.63300467129877e-06,0.000407723704899916,0.00135393844463465,0.0104169946581737,0.000156229013451529,1.05319189552036e-05,0.0146231436408279
"40",0.00881335168056232,3.1315123522033e-05,2.64396069674303e-05,0.000166619653975987,4.08585475151862e-05,0.000208383502372398,0.00135503485442014,0.00990013355091649,0.321508968324988,0.000775909552358823,0.120251903548708,0.486255800255461,0.00999475773594316,0.0335344848452456,0.00713603921704326
"41",0.00627539381176551,0.0258165947197331,1.52943431424938e-05,0.0520402426943432,0.193396529689421,0.00424067718198014,0.0472512679380935,0.0505165098011174,0.0676506058419017,0.108713335637857,0.0351850944590698,0.145743225174736,0.0933865873819779,0.0154545127815744,0.154314128543287
"42",0.0769631643096535,0.00707249147296307,6.32297466639205e-05,0.0178595949638937,0.0209526792763775,0.00131743406173263,0.362357566268349,0.0554256371223216,0.117127281329387,0.0993308292904995,0.020171500721854,0.0938626438881509,0.046569831863409,0.00678111827838648,0.0741449974063582
"43",0.0949528328359863,0.113651166986703,1.15904596752843e-05,0.0290726508866627,0.00560679175743435,0.0141584567394351,0.0450606440462749,0.0634821985865096,0.128473121651085,0.0390578532702548,0.0673594848078535,0.342926274647114,0.030804560360917,0.00785181682029246,0.0175305561438028
"44",0.090018394554634,0.161223423630805,7.84343861144568e-05,0.00477073606341106,0.220141382190203,0.0174093774358273,0.00112810880537641,0.0664127773810549,0.0557781911358053,0.0784859548921617,0.0627914926299242,0.204149206918408,0.00020191512240634,0.0371904487591222,0.000220156094745806
"45",0.0923272116412502,0.0410562957986596,0.000181051144961461,0.00251936001094394,0.00389822711167888,0.0144842845647181,0.00113951765793147,0.166328027651276,0.0980271170794558,0.0999608458790517,0.05232495389047,0.354121950558159,0.00260872028110042,0.0708061161931941,0.000216320537149997
"46",0.0650412981141337,0.0947095126892357,0.00265000513216811,0.00259947545097888,0.00134364653969743,0.0345382878804436,0.00115467877248046,0.0210013770475698,0.0831681821985049,0.15462253239,0.171523180371698,0.340407964618248,0.00194516412520022,0.0251133656648453,0.000181329004795815
"47",0.25093621547868,0.0010401088961758,0.0150162600318337,0.0130710959422862,0.145803958389785,0.012555068860971,0.000586912053759837,0.112302249229507,0.0790934358996969,0.136463987126566,0.0171611652760881,0.183021874362981,0.000214699088901994,0.0326891530475039,4.38163152640935e-05
"48",0.18162392114684,0.0716262350892817,8.95324571123471e-06,0.00252878058829134,0.00102830476755934,0.00633305908365341,0.0171659518818004,0.145824108411025,0.104699699286049,0.14628457435785,0.065712286158551,0.186280004303636,0.00638944173466936,0.0542987392131823,0.0101959407319004
"49",0.0721130052857293,0.0640879672086296,4.38690712647002e-05,0.0458429137386469,0.0705112598714499,0.0175846106400671,0.000521068472132761,0.0367938068946052,0.12672350231186,0.0959006643208669,0.11552088542706,0.347411047538115,0.000108969524061396,0.00668557877077388,0.00015085092473841
"50",0.0334587045998197,0.0138218656060238,0.134459058229561,0.00233395210120532,0.00167739558731941,0.0337642061117089,0.00245945437498584,0.0395179240933972,0.197819355048565,0.129147212685816,0.124502995628581,0.268230186541309,0.00900552120478589,0.00937576813937282,0.00042640004754891
"51",0.0444029383421834,0.451835886953847,3.64248296314182e-07,0.00236961159312275,0.0032290319272463,0.0100491693462906,0.00858997219318535,0.0557471377173785,0.0981684602706504,0.0179613988719379,0.0149529235111093,0.280791713388494,0.00195407798146971,0.000351536206272256,0.00959577744851669
"54",0.0931226408396178,0.199159388313862,9.32914222486095e-05,0.00314378308343938,0.0103007444270665,0.00830143428285139,0.0999108638327732,0.0429530960453948,0.0437324977906564,0.0804888925965598,0.0592980767180129,0.138431355998014,0.0277695251599525,0.0750407044326053,0.118253705056945
"55",0.00534968676404112,0.0795346296266381,0.128587299450987,0.003593624222184,0.00416723380166856,0.0688634650982283,0.011547072851215,0.0662623979963073,0.10481380018655,0.0192766520624374,0.0194938780860161,0.381900300646396,0.0688619661776782,0.0172916742519449,0.0204563187777082
"56",0.0150896729679773,0.00212692277137828,2.46523935687763e-06,0.000203270645191208,0.00182719273450963,4.30345139718626e-07,0.347682620052406,0.0554883308454675,0.230196424718861,0.00736166978288874,0.0187623720472818,0.0843241715405611,0.0700925341404185,0.000640046925181,0.166201875243381
"57",0.0155177721006875,0.0274501273908281,7.04243069034993e-07,0.0184236080650654,0.014464615861889,0.0644796959774902,0.00603958557226109,0.0173254689250471,0.0919200286737446,0.106876665982957,0.0124196168270766,0.609243372247716,0.00476460123069422,1.06242338233244e-05,0.0110635126676506
"58",0.0150051876131165,0.0224963220972911,8.75811394375757e-09,0.037720118418965,0.249245441358947,0.000115115060770158,0.045299544609026,0.00822289513301656,0.191282239960942,0.00299352516648144,0.0305027803000555,0.238234866759669,0.0138452892048452,1.09006858312999e-05,0.145025764872929
"59",0.289775024334662,0.000183351614074987,0.000637892036547451,0.015353452946168,0.278698447776347,0.0314592522001453,0.000578951646771631,0.00157634176924866,0.0349874540365429,0.124738645129057,0.0471154931384836,0.171476479315685,0.00040620150461591,0.000758138558385602,0.00225487399326523
"60",5.26592617952176e-07,0.000928605031680354,1.43535907865771e-06,0.00040585575548331,0.214182665461577,0.0311442609884328,0.173659842126874,2.03336886079835e-09,0.132182729484448,3.61516271062493e-06,0.00355969212107703,5.80706199301282e-05,0.107442918861484,7.78533265952777e-11,0.336429780323384
"61",0.000329833828581888,0.0191437632008094,2.04791006309445e-07,0.0152047535059686,0.470054724084066,0.0127812397474545,0.0259563324577342,0.00192132679893656,0.0424461733483528,0.00136928738224661,0.0151779283819607,0.176086484944579,0.126500001154649,2.40521323115895e-05,0.0930038942413421
"62",0.000458890876025189,8.65360432209757e-07,5.19878014518775e-05,0.0349876014329434,0.789924226064274,0.0276309901654748,0.0479493171753256,0.0482474519689044,1.03157096042261e-11,3.93537202372121e-08,0.000366307473729612,1.70124839294993e-07,3.63262529913487e-06,0.000157439618523209,0.0502210799487407
"74",0.000646799340730037,3.79747563666729e-05,0.263999862892312,0.631437466731422,0.0788119849590802,0.0001885670048235,4.45857279267303e-06,0.000903810315302419,4.11736225531807e-07,8.62184124528064e-05,0.000257098715837442,0.0111806579994506,0.00141592818582042,0.00118432823483743,0.00984443214254657
"75",0.00117324082999578,0.0414996861279339,0.052207036441288,0.0269514141781429,0.00438324307807643,0.0247213484263486,0.00130777935040425,0.03752124658389,0.129064956113546,0.00242883671825237,0.0390158095637897,0.620408767165658,7.87934180965888e-05,7.07835906351651e-05,0.0191670584139425
"76",0.170009339733812,0.0060050517207407,0.00928750443096032,0.0184018558616667,0.0102382158346734,0.0478093127843414,0.0683172243312111,0.0348541937807446,0.126274883243311,0.186877292402033,0.0641335899920178,0.235917856201664,0.00275337978317639,0.00827200908273718,0.0108482908169101
"77",6.56570070539273e-05,0.0128041248335119,0.286826877040906,0.000113731216089458,0.000215147562710971,0.000237887426579498,0.00289336181127589,8.76795252173654e-05,0.197774558485663,0.000116685534375811,0.00418913210612448,0.460903225495284,0.0314522693481289,0.0001488730302866,0.00217078957679265
"78",0.0435097929383965,0.0074653151055024,0.187415085527089,0.0365502891597261,0.00370765224443472,0.011323185510389,0.00124763427466399,0.048806803615338,0.125514573009375,0.119072357826132,0.0725446402317985,0.309990993044626,0.00101192681329743,0.0302274688793061,0.00161228181992538
"79",0.311985162039525,0.000184236608634805,0.000162498367814351,0.0236138369403964,0.0186968582429859,0.0160674652042419,1.41339970635226e-05,0.0915206571671426,0.0206323501248575,0.205779048555715,0.174004160718778,0.0601026166368526,0.000859489835289019,0.0763653785594663,1.21070012370188e-05
"80",0.0776556929190066,0.00516838466816508,0.0217803401817936,0.0758161046615664,0.262605468124893,0.0294029791502236,2.51665817067096e-05,0.0110127247210297,0.0144280019850667,0.0930240132240655,0.188710858933687,0.203360471595275,5.43967979565677e-05,0.0167722614067601,0.000183135048804001
"81",0.160605829222599,0.00269587075566148,0.181865141581398,0.0406228786395716,0.0418879413427371,0.00834564006015087,0.00107512670336834,0.0809439078716595,0.134109624020406,0.0833470895565453,0.0912098687950929,0.144407538934096,0.000460552069519147,0.0280784890340845,0.000344501413109403
"82",0.0954333043945672,0.0252091411626675,0.123317647582167,0.130161893836517,0.00622321608603204,0.00304747651626128,0.00696742591205777,0.039698241171916,0.107550489628218,0.138840632579105,0.0363014430464706,0.241988255614802,0.00732384131358378,0.0365073113353553,0.00142967982027941
"83",0.0987347948093932,0.0438533125561346,0.0719293621303108,0.00274566297109712,0.289496243613869,0.013583365975154,0.000790312187535035,2.6621755553926e-05,0.0192499412842883,0.223979357483346,0.150353943041174,0.0761073592049417,0.0017091246757756,0.00549594718845487,0.00194465112297059
"84",0.231568368114171,0.069597565875332,0.0347179597725011,0.0292341325007288,0.0814178574048957,0.00838972595486845,0.00233860332862796,0.0556928560777855,0.074970064944383,0.0687789095553411,0.0816115571634636,0.254493205021339,0.000161432716939261,0.00655000226567777,0.000477759303945644
"85",0.22848232253017,0.000244043362290253,0.210320053196974,0.00227385336560607,0.00163114702186236,0.00599394308729361,8.85106660339351e-05,0.048976343834122,0.0776918091609534,0.0354125511796302,0.10935445138664,0.238112370975547,0.000216066329327179,0.0411927969930052,9.73691054409413e-06
"86",0.025530016298157,0.0647120726322551,0.0696314960396267,0.00256144129256523,0.00107526726084264,0.0101199486606151,0.0116679392879901,0.0185722029680095,0.203832334294456,0.119262741936816,0.144970346606698,0.304590268443324,0.00609601300281065,0.00816199826221659,0.00921591301361791
"88",0.319176307750786,2.92299739165935e-05,0.00821256217929709,0.00427761341191857,0.200288583518746,0.00127161446378861,0.0743104517054982,0.0633477027722638,0.00355469503933454,0.0865679728735181,0.114187964814704,0.0661336308643019,0.00113783225394045,0.0203060755331132,0.0371977628448729
"89",0.0859262947456129,0.34326534919627,2.98776276647452e-08,0.00207927003410259,0.00381049520518756,0.00851952755643766,0.0584555265351947,0.0316700271289378,0.0850446940001115,0.0606841603786724,0.00013523302502571,0.242516423937987,0.00276182588262725,0.0449492482875967,0.0301818942086083
"90",0.0050713378301779,0.268072149056786,0.0555815916236143,0.0123748434435123,0.161321200338709,0.0131154960155544,0.0121054015272093,0.00836319313008561,0.0631902058257276,0.0196708606719478,0.0837758477156897,0.271347274479183,0.00574223150525256,0.019290150623414,0.000978216213136922
"91",2.94255395154456e-06,2.99670732924024e-07,0.485051323323149,3.67367467310014e-06,0.00094634988179378,3.90141665622741e-06,0.000729057237475294,0.0019967024209385,0.227520395640985,0.000231287660675909,0.000761566542351593,0.204823785639887,0.00197239488133987,0.0314059117447601,0.0445504077106294
"92",0.00102025578018881,0.105958565281714,0.000287733431082402,0.00794770184256752,0.0306038920173984,2.82989734901787e-05,0.437859914995646,0.00495906801430312,0.0955376741836778,0.000622402484810655,0.0176192800321042,0.0289667804686651,0.0837219690769186,0.00030619681639732,0.184560266601035
"93",9.24059805556387e-05,0.000112444010389503,2.31325169164809e-05,0.0953126311024087,0.148300484761426,7.05396830403733e-06,0.320135504914146,7.83165441726659e-07,0.0873239467523919,0.000308569290840431,0.0105165020312029,0.00112086731329205,0.177263413991421,0.00082974042013834,0.158652519781126
"94",0.0156268049268856,0.000515151695998749,2.92671892288011e-05,0.024012039640944,0.223274388397152,7.61195848383176e-05,0.275936875478775,0.0169073904200698,0.0351730031749603,0.0482465886923577,0.00104151945487107,0.00243954695628776,0.190707210798123,0.0180596866271741,0.147954406962334
"95",0.120315266707154,0.00322329399019485,0.00281277178681343,0.0402666818895387,0.00597374312653261,2.93388205419992e-05,0.253172052910499,0.0351384237503263,0.0121549164137458,0.086553316281787,0.00205513321849973,0.00284514835705412,0.357016370778394,0.0387688152014248,0.0396747267674939
"96",0.206230014568474,0.187149628614725,0.0216033894324831,0.0372858562147632,0.00155160678614426,0.014984111005614,0.00879130541331618,0.0775315028947367,0.0946490063857473,0.16845292414401,0.00935237926194386,0.129601275824315,0.00118130964196804,0.0414226436462496,0.000213046165508627
"97",1.00865178010559e-08,0.099476492923116,1.06590582594369e-07,9.91508919402535e-05,0.900410533155564,1.76103754741708e-06,1.17109518846808e-05,1.34493938634531e-09,9.19878695212191e-10,4.93287028941172e-09,1.58218059431589e-07,6.13220535598903e-08,3.92511388920868e-10,7.83112956581649e-10,6.44942193300319e-09
"98",3.12295649781796e-05,8.47329999932725e-11,0.60174366038761,4.63901017696499e-06,1.49909515583211e-08,0.000407721032485866,2.6241602941253e-05,0.0104577187387472,0.123345271124507,4.02820631706293e-05,0.000188632149520334,0.262236143924561,0.00144902563920517,3.71925880155361e-05,3.22270983966601e-05
"99",0.159177066896583,0.00410964099813929,5.12706143704345e-06,0.138180159503809,0.02402473797472,0.0111009421599301,0.0570689918906707,0.0368186005427159,0.0383992340514386,0.188182130395949,0.0927906601107603,0.172018971788961,0.029285521653724,0.00109756809353105,0.0477406468776313
"100",0.197832562460397,0.00417774932226037,0.00871967376628828,0.00274808388186468,0.00639406320575363,0.0604179329515148,7.11018409344372e-05,0.020741884497415,0.0495742366568197,0.128861412618492,0.145060661322781,0.369069189576022,9.4562190538376e-05,0.0059906790711857,0.000246206637732496
"101",0.440778854060967,6.68121173835496e-08,1.13394301858942e-07,0.0875973685844173,6.19578987355324e-06,9.27656280116908e-06,4.72254253618065e-05,0.0588039150092502,3.77779622021207e-05,0.248940025433996,5.39406403666377e-08,8.06250159466254e-05,6.16476995246145e-06,0.161760945403749,0.00193139183442307
"102",0.107500297257071,0.158569277882138,0.000600541860064322,0.0292626325626269,0.0266197148627627,0.0123733531370896,0.0334068944138997,0.038437332059536,0.093378931228242,0.0293599173867496,0.0265482023794583,0.40719813267227,0.0183329591998758,0.0010680114512027,0.0173438016470138
"103",0.142486402823432,0.00118489382409704,1.55363258956704e-05,0.0211446214857808,0.341974015060788,0.00666264028478124,0.059569317486124,0.0868601002357265,0.0319313832653036,0.0783748278783629,0.0265812989779371,0.122889499058104,0.00926451542810175,0.0209330099225001,0.0501279379430653
"104",0.0393283002966977,0.0145176474322166,9.97995361162293e-06,0.305000393234357,0.164181553746379,0.00249284279720892,0.0354923788767088,0.00222234741777974,0.0684667277015551,0.095108906309919,0.0532297048134468,0.114676981441971,0.0124007261910587,0.00288763862765042,0.08998387115944
"105",0.0101332932491006,0.101463068927169,8.31314441407068e-09,0.368252355617626,0.159517459642835,0.00754496824884936,0.0215832449101218,0.00240416440070613,0.100966984637883,0.0180878721790886,0.018998158027307,0.171466940759679,0.000361465776780834,0.000792586784135372,0.0184274285255737
"115",0.0724237032189955,0.486321746774004,0.0143624558992087,0.0749570883980054,0.00579683058519003,0.0278477632968496,0.00379056416889704,0.10897581750398,0.0127452169687212,0.103760588057912,0.000447176468918061,0.0379033257307612,0.00916567324238317,0.0297369799464427,0.0117650697397311
"116",0.529344909588523,0.0024076313640522,0.00366712731634042,0.102160122427111,0.0032209611363973,0.0154961422484099,4.3340297211627e-05,0.271762216982697,0.00551874175067826,0.0207201728677379,0.00273041978552162,0.0201227990682282,8.34046083748395e-06,0.0227827169836484,1.4357722606558e-05
"117",7.68386181185104e-06,0.604531431698144,0.267998349715414,0.00271029369724742,0.0907650483070418,0.000106647392630194,0.000770519089954369,1.81886158647771e-05,0.00715652981840366,3.96972010538e-06,0.00533560991237221,0.00794469809025906,2.98141624189561e-05,1.1840168596599e-06,0.0126200319014733
"118",1.83393008016705e-05,0.00137884231428505,0.00067799520706019,5.59171987653661e-05,0.604760830616158,0.353874859655487,6.21332462950104e-05,0.00115253669842595,9.18104524866885e-08,9.38418639666753e-07,3.76537495911053e-06,4.02303652432554e-07,0.00126722741970798,3.65684694455237e-05,0.0367095519658645
"119",0.0199278451033469,0.955273206718358,0.018090586736279,0.00165270352925937,0.00217598709402897,0.000375474945885559,0.000236275166154659,0.000161702615355892,1.00402490999756e-08,0.000135515973823973,0.00026015200843767,2.35170305233017e-05,8.97303396173919e-06,9.42307948222438e-06,0.0016686269248536
"120",0.131280636776294,3.38887147171432e-05,0.142261841074795,0.00166026565275667,0.266633840114903,0.0160934884888174,5.63692219321502e-07,0.227493587905603,0.0269180054297687,0.0310741699680164,0.0534349495415826,0.0988752220701282,2.16749793436955e-06,0.00423715034532494,2.2272714024277e-07
"121",0.000191159482301407,0.184442360198166,0.234328052714383,0.24908500418282,0.137793269012852,0.14333622506377,0.00165168739056773,0.00041292243365052,0.00482949637469011,0.000654480688120339,0.0119558174018062,0.0221882742985976,0.00762811937074552,0.000183498610601182,0.00131963277692785
"122",3.22941368821302e-05,0.149281936424223,3.21921062780812e-07,0.0105660712381405,0.340884580273782,0.22029572121591,0.0347327578847902,0.0269214282091752,0.105205283621575,0.00011973269716408,0.0425755110672299,0.0219275284712777,0.0397953553413394,2.91488563933884e-05,0.00763232864105428
"123",0.201136252328324,0.00598920054274344,0.535549414660161,0.0521385788404387,0.00385422271868363,0.187797330231463,0.000897861732518744,0.00013089742173264,1.13781025941103e-05,0.000816325519982051,0.000465525201708379,0.000254604616864333,5.50778527175258e-05,0.00563923240295777,0.00526409782711087
"125",0.129638339218879,0.000506817146501592,0.200024298077695,0.0642121043901109,0.00595379730947705,0.0145036465117825,8.23821947770441e-06,0.0914178360490048,0.0773827134555616,0.0831717572853826,0.110756737468933,0.210468140264525,7.65802626237418e-05,0.0118765962742847,2.3980657603224e-06
"126",0.000240191946412192,0.00341103835346016,0.914853842014859,0.0151918423891946,0.0654259372853268,0.000301743832655098,6.25161403678519e-06,6.18207101621827e-05,6.64437068688407e-07,0.000154852167655988,0.000196874743567698,1.3215407452115e-05,6.02398309614992e-08,0.000141647939166891,1.69191513920909e-08
"127",0.361443542917029,3.67963836945815e-06,3.59758983109924e-06,3.25762490846586e-05,0.479710242755408,0.000277912465463483,2.74989262969432e-08,0.00262903625190091,0.0731592776753356,0.060310285755631,0.00447077251454798,0.0161254658971387,0.000322177892058037,0.00150211207688525,9.29282239065034e-06
"128",0.347543750149345,0.0503157061064251,0.0479640969984311,0.241807114670302,0.257141296725825,0.00718810989547121,0.000924827274806693,0.000921296915753489,4.28458437274985e-05,0.0010062313367107,0.0341033905036974,0.000442474349523869,1.00249653851757e-06,0.00800974349330774,0.00258811324013546
"129",2.17024928750194e-06,0.111452183568862,0.485702455419789,0.000970835753949244,0.400006714664933,5.30090601746603e-05,7.7990200570469e-06,5.71454505089071e-08,2.50111894179214e-08,3.07396678809494e-07,0.00177776520862243,2.25713038957701e-06,3.35890829067529e-07,2.21167630660601e-05,1.96771672171467e-06
"130",0.051959066023743,0.000132004966331683,0.152739732855076,0.000383182705740598,0.448167713022061,0.000355906427283662,7.44936444713932e-07,0.0276268562494308,0.026550761202943,0.0258727233156423,0.100477024781474,0.161221533447829,0.000272482415740918,0.00423977223844863,4.95411810376722e-07
"131",0.0533770874748677,5.5783998938144e-05,0.0540109357955412,0.0010661787073072,0.229593171597709,0.00144893795806505,8.37310573010738e-07,0.0016428641724825,0.0615315740037918,0.224564143007537,0.169601939205512,0.199591722875609,0.000214219623127675,0.00329955978769666,1.04448124192e-06
"132",0.130163319363125,0.127185891128263,2.14660045682989e-05,0.200496923588108,0.19554664181757,0.0082156497791484,0.000811578851741523,0.02691991915466,0.057224703945913,0.0584078787217789,0.0458607756256621,0.105367444294616,0.000982963557821406,0.0426393632019318,0.000155480965094083
"133",0.157077820022989,0.233614178184315,3.87446198296177e-06,0.001325531836841,0.021536657575452,0.00673712502293045,0.000395800901655437,0.136150182205467,0.10629080567854,0.073822062470106,0.0433076877004742,0.211201330467062,0.000707608763013932,0.00484532780126966,0.00298400690790253
"134",0.0545374974216419,0.000253470979000904,0.000168336364490926,0.261811637876491,0.238360741165436,0.0106254931202662,0.0727616619809442,0.0543737413663189,0.00172660239186753,0.0861196630540606,0.033999797502204,0.0172292947133436,0.0394799086891863,0.0331267851174026,0.0954253682573451
"135",0.176761558283132,0.00218240225516953,3.30282780020295e-06,0.00202998073535547,0.130971394185551,0.00241226496323215,0.0129987240506206,0.0900437365308292,0.119275370393836,0.19909544811903,0.0261669017808195,0.211477078778804,0.000499740069970168,0.0124065108473458,0.0136755861785052
"136",0.0189930884296678,0.00236910831686623,0.000104986900472202,0.0123069662641365,0.377424995790822,0.000215199366211636,0.388494258265042,0.00563055676755341,0.00863176659486147,0.0133567910788376,0.00828569084251422,0.000759512238766196,0.0343002497215461,0.000588011019511238,0.128538818403192
"137",0.084936888793263,0.0390981984710448,2.49640678024146e-08,0.00393337027119932,0.134158864923284,0.0412226915900727,0.0781747805892666,0.0643434417902841,0.117508116202502,0.0572862341566533,0.00726926602358839,0.345049761226817,0.002036994462908,0.0074273272413086,0.0175540392937401
"138",0.0162330459410745,2.35863420715659e-08,0.00243819624139466,2.77448857863661e-06,0.884494978231027,0.00167988436600384,2.06946149239519e-10,0.00108568201742034,0.000269767785992972,0.0373719196173846,0.0411304951173672,0.00546775655711112,2.58569205217898e-08,0.009825449929826,5.66105868679225e-11
"139",0.41916059026505,0.000731789336380192,0.000171731880173324,0.00231240058094135,0.00907601417150328,0.00919848085737869,1.92258903903693e-06,0.0255496932756622,0.00226280450024303,0.185217731347527,0.156547427925108,0.177289643067343,0.000736092803742505,0.0115940606639426,0.000149616735966152
"140",0.0533418152663518,0.0332732584007224,0.00407715751780011,0.0308175133711599,0.0297923151833354,0.00448278638911935,0.0155098145653133,0.0400521227868616,0.0977458665491524,0.015928379928999,0.0586771251826715,0.590295861425328,0.00863200263351256,0.000277551343980117,0.017096429455693
"141",0.491567778635334,0.00804689517977905,0.00170102048533901,0.000569954998378914,0.0609542905217388,0.00825661978098285,0.000142812547683583,0.0194972164768165,0.00810697536876219,0.00171016513252729,0.0892709473409623,0.308575169160755,0.00131716198498778,0.000186920748077644,9.60716378745144e-05
"142",0.10822969592733,0.115617879897643,0.305970632751996,0.00998011619623812,0.0366946818959927,0.0132062080650941,0.0057792191137964,0.00172812441490536,0.079810305199017,0.0540930877884789,0.116056383569263,0.150874835541129,3.5368442040289e-05,0.00164132317618377,0.000282138020891154
"143",0.0347855960179045,8.15584773150966e-05,0.0630573812864841,0.00020242458110515,0.000716062084597364,0.00770399893654087,9.73078231639713e-06,0.0456201720937434,0.152065217711253,0.0449951366370332,0.0341793132374508,0.588874353858285,0.00145667820830216,0.0260283229435827,0.000224053144085922
"144",0.318359954020239,0.210461551457356,0.00146682080041276,0.00531517818145778,0.162664131022427,0.00445995399039197,0.000391776441041638,0.00606193771827685,0.000903264773583505,0.130335912022153,0.106052426698556,0.0400863678965425,0.00016032164301685,0.011937210129442,0.00134319320510397
"145",1.09200978298048e-06,5.66703954510867e-06,0.599907168722709,5.99174006718025e-05,0.197961652792353,0.00038680356517066,3.2205670477768e-05,6.45472618039889e-05,0.0525067315219103,8.28081679865956e-06,0.00336518889866481,0.0853044799838719,0.0603500839203074,1.58216620430852e-07,4.60221793123726e-05
"147",0.0831689904527958,0.00854116247033725,0.197768705671462,0.0193087619024729,0.197588583320372,0.0419770548238151,0.0205260970770265,0.0544370528699315,0.0576263251853563,0.0539027055762162,0.0260711011629709,0.205299810700808,0.0215191779116168,0.00859043290544544,0.00367403796937374
"148",0.0373054515116382,0.122961007671385,0.369535873928365,0.0252454458516231,0.295384846872158,0.0124460140642327,0.0169207963016261,0.0277591730810163,0.00488681785216634,0.0255473407085266,0.00698294303456037,0.0215889693779387,0.00108246207039869,0.0273635983364212,0.00498925933794369
"149",0.0184178037909773,0.0297888172423487,0.504530195483953,0.0106934289898806,0.00212512207893008,0.00274332545981463,0.0182845356827557,0.0202314309304913,0.13992318085073,0.0166252585577279,0.0327185827165323,0.166458212506371,0.000205869852605772,0.030016283514526,0.00723795234235629
"150",0.069299528509726,0.0326881724420775,0.000548223520608341,0.14987793188311,0.141122167415048,0.00147751704218583,0.123429840499953,0.0559626211043938,0.00642400122181088,0.0566171385497355,0.00464596047288301,0.058137497655545,0.0761347575500022,0.00533736168019979,0.218297280452721
"151",0.00680702368110678,0.040474648157343,0.000492503137295035,0.106788845895004,0.0912951498405719,0.00324359067702684,0.14505879161446,0.000883762439784327,0.0694487571024602,0.0125712231139659,0.0432912420209791,0.137945654961781,0.104820670994608,7.152067153419e-07,0.236877421156899
"158",6.39530767310677e-08,0.00701329720503059,1.72990601771144e-09,0.0974731879237356,0.533883507908741,3.20697796951316e-06,0.0564594871777999,1.59832634924547e-08,0.157006761642372,1.59136515730433e-05,0.0594150718962358,0.0132850429043038,0.033084431426875,2.1476371916178e-08,0.0423599881427459
"159",0.198762302935718,0.0414514371984923,0.0681293373498411,0.0198824285296014,0.00201371291208279,0.0088576337466702,0.0343128552028946,0.0287885203615615,0.00216533048866134,0.155969458581793,0.0369195697768885,0.128335604626972,0.14187913444643,0.0339496078611257,0.0985830659812673
"160",2.96782899103264e-05,0.000165693245576239,2.0143346490943e-06,0.938551311305215,1.45858435628642e-07,4.36315592834056e-07,2.39426922243425e-06,0.0610948608729312,5.50824940526998e-05,1.72574479304626e-05,8.96263781944186e-08,2.72841042762354e-05,4.4589137692638e-08,5.37061306564816e-05,1.11603524910093e-09
"161",0.000619297510670789,0.157982319370788,0.264038460246559,0.0040057566745431,0.0749735906250249,0.235728841912966,0.0164758868620153,0.118471701719579,0.00841625673548665,0.00100420202544243,0.00265342547486651,0.057413581260004,0.0379792894722817,0.0153604215631496,0.00487696854662301
"162",0.00686667357138433,0.555543047269079,0.000247991136903098,0.000505759306842965,0.00120879631292438,0.00772873389017926,0.00759793884300492,0.211160931256214,0.108493196061367,0.019371333794587,0.00412571131851258,0.0381804066145149,3.68539650786401e-05,0.0371420968440103,0.00179052981539825
"163",0.00510867161251848,0.0872681116623554,0.0249751462261597,0.00084744436890412,0.876606146392097,0.00163886125572471,3.00032315827498e-06,0.0018971711771423,9.57274467132862e-08,0.000617479566974313,0.000726788906226009,0.000122042268300317,5.3074899684524e-07,0.000185126203854534,3.38356014155299e-06
"164",0.0390647257544822,8.12389661176279e-06,6.48245817453705e-06,0.00485956838373454,0.39842139063748,0.0550397638955241,7.01490164062051e-06,0.495496446901891,0.000177739802343703,0.00421090625749823,0.000115448224596409,0.00175555652296828,0.000318077639862218,0.0005137486597824,5.00606341006568e-06
"165",0.140103593980626,0.0877238106343613,1.14041214639018e-05,0.00127865559171537,0.586295426165993,0.00971611152960337,3.16487413759212e-05,0.00119295478446711,0.00630644891413555,0.0496831870947687,0.027058647172718,0.0690243220910265,0.0174208947112391,0.00357268031292228,0.000580214153584615
"167",2.01901959329602e-05,5.32380932016471e-06,5.10765817458391e-05,0.38149485871319,0.270959116613892,0.264881310422874,0.000446844750724236,0.000129177827620247,1.38496523618446e-06,3.1461155418762e-06,5.04689187734984e-09,1.53563441077639e-05,0.0726010446693775,0.00739978013952971,0.00199138380401635
"168",1.3979885160779e-05,7.59618038776237e-14,0.000114386167186857,1.76432312215309e-06,0.932724600694454,1.79482953043939e-09,1.98242491857123e-15,0.0468167641356539,0.0123839435841199,5.47512984117753e-06,3.04577372002459e-07,1.25152876790829e-07,1.46434328953598e-13,0.00793865455507857,8.02820547524776e-14
"169",0.247723583163648,0.24788967973257,0.00288679956587706,0.0079860163075923,0.217415547684473,0.0171145193407434,0.00109030899340973,0.17440770892762,0.000602067339359444,0.0211623487407122,0.0283521848054327,0.0170513151871235,2.254811075532e-05,0.0161151287750228,0.000180243325660186
"170",0.0689772448854087,0.0210494721548987,0.034076482635274,0.00726987291989443,0.384053483578234,0.29492156593713,0.000124117703688897,0.0439337415174755,0.0226813667526004,0.0271671417331691,0.00768529120186812,0.0622937012598503,0.000962363245212765,0.0247980294581926,6.12501710265369e-06
"171",0.000659515387495697,0.396790182360169,0.000533697005425491,0.000345308223859023,0.465592267068521,0.000802414863312473,0.00243063253124589,0.129161787087016,8.98031452623063e-07,0.000128135851706053,0.000807614376892579,0.001385483576663,0.000290269437186399,0.000181723291027641,0.000890070908028024
"172",0.00735797913573537,6.34590270920627e-08,1.36318556651071e-07,3.55078547790549e-06,6.39363877405825e-05,0.00182756991697598,0.000105773028927039,0.603809348907383,0.249558016180363,0.00408187226088416,0.000428469837303328,0.126703370589683,0.00587287548015707,0.000177278556931938,9.75915485398913e-06
"173",0.273556171581111,0.0200997290944278,0.102583263829297,0.00112848702749874,0.390870626286108,0.0183194393013457,0.000483206195102541,0.0867473981114005,0.00101754782299139,0.0561896484466969,0.00279488733095072,0.00348235552924348,0.00224564810298237,0.0401718925476096,0.000309698793234694
"174",0.835033066754426,0.00415728759672926,0.0398397658126275,0.000235593852120935,2.11467620688279e-06,0.00371279038045704,0.000462533821035326,0.00332386756314451,0.00258625829064661,0.0657424742171643,0.0253265399031836,0.00737999227925157,9.85264571099943e-06,0.0118526886833585,0.000335173523937096
"175",0.0586734384252509,0.00511623801236121,0.50037267169171,0.00512973768182994,0.0187029864275376,0.02987154748053,0.000256754281284279,0.173427194505698,0.0403644135105946,0.0486330948872336,0.0539666802762922,0.0638296939352832,0.000104919106621148,0.00150180942081301,4.88203569604331e-05
"176",0.0297484135953119,0.110198714392144,0.0396136122765279,0.0849563363892974,0.0120168838811874,0.0477897482299486,0.00144241497112284,0.0400477329648475,0.124734846235458,0.0260117431381991,0.159953228168317,0.309559583239831,0.00745355468490988,0.00443460856269459,0.00203857927020272
"177",0.0987560886833907,0.00122018270037793,0.0108770326780097,0.00745757076365676,0.0824407069579291,0.0178183411646295,2.89259228160005e-05,0.0602190585968599,0.065048746823217,0.170008506473272,0.171385303346987,0.281031281524505,0.000437200726666485,0.0332559642293939,1.5089408288693e-05
"178",0.182905170030794,0.00622580440477885,1.58421643906405e-08,0.0129748266024911,0.00199657674829164,0.0125510925885154,1.20029896653242e-05,0.0111719671945847,0.160375314194104,0.0358571694870467,0.0795134936661959,0.490595406801373,7.6241633534617e-05,0.00149326525517217,0.00425165256128851
"179",0.0872655858243915,0.144887533030984,6.1418532289571e-05,0.0386867138805324,0.00794046688756465,0.00145920023497255,0.0860196443736101,0.0761592569358225,0.107565920653663,0.0632893888415034,0.0444492096981237,0.195570332852301,0.0366579397938307,0.0164371181696217,0.0935502702907899
"180",0.0531474505221622,0.00649422622816355,0.0304858168729647,0.00300033718081756,0.28966774718355,0.0140761917113016,0.00293220739642591,0.101272280528126,0.131653142286272,0.0587882929672403,0.0184384735378641,0.261776604190437,0.00773384284960482,0.0107424784358283,0.00979090810924164
"181",0.0608739776336431,4.3738374907626e-05,0.0404987458333745,0.0509662423699326,0.00111507209308291,0.000369373430593285,0.317309460042232,0.0143903183352117,0.00701571047995213,0.0544657266904897,0.0184242032698319,1.64637393529965e-06,0.091778454686559,9.20147980057083e-07,0.342746410238274
"182",0.0930518708716606,0.0772000487022047,1.10634890955314e-07,0.0499387941843806,0.0741025421297159,0.0150477808587111,0.100050685815573,0.0614000734591938,0.130943695888453,0.100335577030889,0.0383710298056689,0.202930239351167,0.0113397066286677,0.0214653511763667,0.0238224934624568
"183",0.138764454458032,0.00282028689317885,0.00029550069670142,0.0120780202778832,0.00270015007027999,0.0165879281460378,0.000584473041355755,0.0696834878814052,0.103847096878257,0.129449795852851,0.0957593059173587,0.404675779995043,0.00366598181422527,0.0182793829369551,0.000808355140434789
"184",0.00148651609120984,0.00562741052944756,0.0593377123384642,0.00234544958313222,0.126364023545869,0.00770593930528158,0.000547219658919334,0.044048555726543,0.106156264418487,0.00458368365938555,0.0142363604539549,0.600165298732998,0.0256223267325893,0.00169436327176919,7.88759519492666e-05
"185",0.202750344935371,0.00336927097618585,0.678455622820753,0.00956657777594138,0.00837909203006288,0.0227055150639714,6.56348415981992e-06,0.023925412945471,0.00396722506745159,0.0205734738053476,0.0074529283208485,0.0163013501223264,0.000138905348856438,0.00238905116799616,1.86661352567293e-05
"187",0.244744467570599,0.567514153707278,1.60183668230827e-05,0.000160966896297744,0.000625830607327791,0.025320362329712,0.000197199366570381,0.023954330338971,0.0345483346889027,0.0203391660532321,0.0056343028306736,0.0287784881611111,0.0248746234241265,0.0225263741723163,0.000765381486058957
