"","Astro","Oligo","L5 ET","L5 IT","L2/3 IT","L6 CT","Endo","Lamp5","L6b","L5/6 NP","Pvalb","Sst","L6 IT","Micro-PVM","Vip","VLMC","Sncg","Peri"
"ACCGGAACTTCTTC",0.00871691828799549,0.958930434004603,1.30324068247076e-06,1.045895892685e-05,4.57560161965417e-06,4.80566130822299e-05,0.0174465905041198,1.51190729978771e-05,0.00014796220341292,2.42552771768295e-05,1.11056821322591e-05,1.18310282847856e-05,5.72394177806966e-05,0.00132599207663931,5.15928379546116e-05,0.0112122637487445,0.000277437871622455,0.001706863572224
"GGGGGGGGGGGGGG",0.181930155723448,0.210568480405008,0.00766314396460312,0.0154821951315969,0.012259561099133,0.0388061036786815,0.111338807573875,0.014128363204812,0.040298083907191,0.0148336550135978,0.00940854892432227,0.00922239951057779,0.0348267972593591,0.0681283441274901,0.0231493070954448,0.0934891239039518,0.035591814562193,0.0788751149147154
"AAAGACCCAAAGGC",0.136421032129264,0.00760246021931405,0.00821209823257711,0.0083812763474727,0.0105681270152065,0.0936638901535282,0.0951649730006195,0.0146487591256809,0.129639338270252,0.0267826225931205,0.0297028340644897,0.0162155114889165,0.0465375384972666,0.0606943523004261,0.0296072033853574,0.0943419538821831,0.0932459093172258,0.0985701199770995
"TCGGCGGTATCATT",0.0951878846454659,0.0384170995543663,0.00567850220211977,0.00894130255828236,0.0138470869872146,0.0527099176455888,0.141548628835631,0.0425801708765973,0.0388596407560091,0.0407517326122618,0.200997567508634,0.0340696651316462,0.018809561153216,0.0481069473004656,0.0425818885886311,0.0466714286962137,0.0628636188512955,0.0673773560963608
"TACGCCGGTACTGG",0.00815814209569773,0.844291530703024,0.000408291392032902,0.000678934162410987,0.000512242884001282,0.0158153578969909,0.0335415276243161,0.000965565819244675,0.0268475312888794,0.00433353584844798,0.000619740920169381,0.000564746259349087,0.00550871364312924,0.00766521909518039,0.00162094383812,0.0253130696557062,0.0137360983191806,0.00941880855411955
"TAAGTAGCATTAGC",0.220467924942512,0.362270348497181,0.00150748668914539,0.00380870391216086,0.0036887022157897,0.0283844962059507,0.0994120752471447,0.00515951910800996,0.0391912687809976,0.0134574213349715,0.00363772852722139,0.00708221425139787,0.0220768747587414,0.0249517877895746,0.0119318988279016,0.0559055615684773,0.0436787419933369,0.0533872453494854
"CTACAGCTCCGATA",0.195137083177277,0.28504417196236,0.00175881636090614,0.00620779254741233,0.0011172802540064,0.0202083529044167,0.134202192421687,0.00389953364860132,0.050111634537069,0.00951008646144574,0.00532077342704139,0.00605433499057831,0.018116939067131,0.0391727664270833,0.00859452780484255,0.0940330307809648,0.0539259415636701,0.0675847416635066
"CAATCCCAAGCACC",0.125587570686288,0.0194861537009555,0.00933005412777241,0.0603789529161502,0.0314414561726547,0.110684137436418,0.0923266388688642,0.0180579651346696,0.0905537495941776,0.0411098066822259,0.0132334341074923,0.00877693458869344,0.11744599827474,0.0520463508030518,0.0204688505306519,0.0650040173515271,0.0501571370291212,0.0739107919945458
"GCCCAGTGCCTCAG",0.126151040555123,0.502681572832854,0.00132497433810816,0.00296027039357599,0.00285557082511519,0.0225383248337521,0.078027984134986,0.00650561735492254,0.043866934518894,0.00540037498682121,0.00319847194009127,0.00400942932776517,0.0184046107485977,0.0244433625355387,0.00939349300895089,0.0712302771761858,0.0393215811037785,0.0376861093849401
"CGAACACTGTAACA",0.0713050100593747,0.036888358868903,0.0407974499642073,0.0169943044492592,0.0178470630554399,0.115340217740584,0.0947415215811814,0.0444151036568524,0.118567671856101,0.0403156032558993,0.0207362930234976,0.0225990008515402,0.0529245764673626,0.0463409027979409,0.0599479531200983,0.0678891668339284,0.0597652089651037,0.072584593452726
"AAGGCTGTACTCAC",0.0021862821268034,0.990114568283603,6.00364906016557e-06,7.46920559211999e-05,5.19687649823435e-05,0.0005190140088827,0.00263287236818594,6.66433954562788e-05,0.000884838487613741,0.000162553046218727,2.1246137167968e-05,3.36851607265295e-05,0.000188404519498328,0.000803109149829118,0.000189362838449037,0.00125547404659888,0.000625627086482354,0.000183654874520665
"TGGGTTTGCCAACG",0.187648824238655,0.433597514196155,0.00145080767741539,0.00227387150022422,0.00183563370221038,0.0263035015888009,0.094375135851851,0.00437328765604831,0.0359681094420433,0.00750652562425002,0.00366137660111477,0.00698638351720379,0.0145780271625399,0.0280374733892783,0.00774181154678052,0.0567124791567817,0.0407250486342437,0.0462241885144041
"AGAGCAACTCACGT",0.129901909720219,0.4356900278454,0.00296411908238621,0.0063346155634854,0.00258683303050042,0.0260982859172316,0.101167139887642,0.00794749487243818,0.0530667627414927,0.0128584202575448,0.00711491016504121,0.011274577440609,0.0102024110036748,0.0316883235278172,0.012889056912818,0.0555245756782452,0.0431780500269729,0.0495124863264814
"AAGCGTGAATCATC",0.182472907490876,0.694801477514248,4.1885506941462e-05,0.00035061200732891,0.000125484921682894,0.00143291437128511,0.0457042411189986,0.000296445198544026,0.0040053947629957,0.000739633444345418,0.000271507442806793,0.000225829302227327,0.00143642836278701,0.00689202495718035,0.00081850545569828,0.0388884834915446,0.00715127618180325,0.0143449484687067
"CAAGGCCGACAGCG",0.0723396031915623,0.0638606462858652,0.0272649890692486,0.0407456378452282,0.0179099992235498,0.0925787225878058,0.12780993979748,0.0231047045411119,0.0947400278573955,0.0360467886720789,0.0100522923556412,0.0176267687903579,0.063726318840069,0.0554662758670627,0.0192814051471434,0.0737868598898245,0.0787740511987911,0.0848849688397838
"GACTGCCCTGACAC",0.0796969832016085,0.0532908758849179,0.00463451780735539,0.0207280284556667,0.0123998616629301,0.185876662166803,0.108420587130409,0.00724991152549962,0.211835502449123,0.0314221845991199,0.00394105152582821,0.0105289802552609,0.0338850488948697,0.0582493585363325,0.00562960382933317,0.0644154688210748,0.0495902385419982,0.0582051347118699
"CTGAAGTCTCCCAG",0.0988927853583366,0.0162510939369188,0.0058328137231886,0.0483481915992785,0.0311142510692904,0.0895173806241134,0.153266186570895,0.0141413578608513,0.106360744633892,0.0297847351905233,0.0118821413869972,0.0140312689013985,0.0724435117111725,0.0512066416418237,0.02582134078459,0.0768248567467458,0.0765819342813678,0.0776987639786171
"TCGTGGGCGATGAT",0.256596370717812,0.351207289401781,0.00192362534104291,0.00912008767161103,0.00316704213151374,0.0186708709748097,0.0750154351006745,0.00398522477400224,0.0634554182348193,0.00848773042493418,0.00362054986139577,0.00657457270766427,0.0152166323279551,0.0318252472611459,0.0140213554607085,0.055188418826941,0.0362595074678383,0.0456646213133505
"GACTTGCAGAACGA",0.00610899086520319,0.957616822811414,5.29320223001499e-07,4.75146914233494e-06,3.31462677008165e-06,4.93072940977468e-05,0.0141902409134826,1.20343588471756e-05,0.000119009481597717,3.78888597214392e-05,5.59777246019373e-06,8.92706827723564e-06,3.83476064338198e-05,0.00207157060221551,5.36861340337831e-05,0.0170703182367904,0.00038175904314718,0.00222690353614251
"ATTATGGGACGAAC",0.0915361671094593,0.0300269547467581,0.0110907125185963,0.0143542895298953,0.00985991879782382,0.130580472311696,0.168982330767534,0.0178552766901591,0.132733466362782,0.0187361431595626,0.0215302668930789,0.00911030226100799,0.044249191490832,0.0532893446813262,0.0106199629388668,0.0599027867035645,0.0909561812915803,0.0845862317454767
"AACCATTATAAGTT",0.219892822100486,0.0146360002011528,0.0165720572365425,0.0353185801847564,0.0227519568350673,0.0803650862473084,0.155292680685587,0.011175514982635,0.081747879167678,0.0222724844812253,0.00769984388154148,0.0121081139639085,0.0705591450296626,0.0474211706524246,0.018085011618419,0.0629081514944065,0.0441493731030427,0.0770441281341559
"GCTTGGGTGACAAC",0.173427880172119,0.0307261865716287,0.011039556932635,0.050017836873206,0.0422784327861248,0.0963248164474413,0.121650521545438,0.0109170974252972,0.0739017753441848,0.0151661227826578,0.00604785378144135,0.0125779500357866,0.0999886527851853,0.0477962150854278,0.0134415279058417,0.0688706479016974,0.059898483455303,0.0659284421685836
"AATCGAAGGCAATT",0.662771197520558,0.0138336444739633,0.00176442138711645,0.00546807842362682,0.00397381634759594,0.0164388712854454,0.0517341715186076,0.0092845053829346,0.0202707382480063,0.00246325429612256,0.00204332916336042,0.00251809107853602,0.0179245992929812,0.0266115160642942,0.0130262819527649,0.0592672604713609,0.0420998492509149,0.0485063738418105
"ATTTCCTATGGCCA",0.0521571638736977,0.0184498257672297,0.0263532126394898,0.0671165079800354,0.0807522946614165,0.101567887878059,0.0971591424133548,0.0273144685008753,0.0851776726305342,0.0250299979143935,0.00807135436986241,0.0219961224630764,0.10370960873913,0.046296437266591,0.0327610292893956,0.0677449106845723,0.0734294516445323,0.0649129112837536
"ATACACAACTCTAA",0.119857907363214,0.0163108100368098,0.00583826586529049,0.0242610842311174,0.00874624131321019,0.0733747104957131,0.144218211671474,0.0153850174534417,0.22563692211666,0.0320097250457714,0.0114011164044684,0.0131357393024825,0.0259151171047067,0.045320588378438,0.0138338461727642,0.0747799808635088,0.0664356294834352,0.0835390866974939
"TGACATTTAACCAG",0.00801192030135375,0.903282261962379,0.000412167337831337,0.00084097404500556,0.000363479958060693,0.00611338703185556,0.0252511616541664,0.000671605368944487,0.0108472056939383,0.00722095659717159,0.000504372839098187,0.000746480186067497,0.00343245553386462,0.00690785627297858,0.00110463397895062,0.0112283606748058,0.00791387833813136,0.00514684222539617
"CACAACACGTATAG",0.175137396021859,0.322068894546251,0.00288571688367086,0.00876293075318069,0.00510797364237485,0.0268825204119266,0.109974200430591,0.0080853568374052,0.0653302872276628,0.00847121143368845,0.0104170481111529,0.010602856254768,0.0202271400783845,0.0405798213447911,0.0149556374105286,0.0648489204850941,0.0564723171100706,0.0491897710166001
"TACCCACCAACCCT",0.118719252619475,0.0114823260510141,0.00979780634069513,0.0212143316922825,0.00853467949483097,0.0920874979017274,0.13633698247022,0.0164354630757861,0.157075365362592,0.0678918526239736,0.0131892777971367,0.0219212127958849,0.0174865059131822,0.056686404810177,0.0243675736265565,0.0592231772652972,0.0812201364437365,0.0863301537154325
"TCGACCTCCCTCGT",0.0760793385274647,0.0971208702906713,0.0390274823490604,0.0672632381805829,0.0428020230367458,0.122306548059243,0.0720068807820251,0.016729957164245,0.100054469505369,0.0357854993025118,0.0212563102229169,0.0297542231781368,0.0664596663103687,0.0476198001908604,0.020590359653495,0.0576054297395622,0.0255967222482294,0.0619411812585108
"CCCCATCGACCGGC",0.0627158782447209,0.586230815021335,0.0026666893929698,0.00666942780697341,0.00429931484440815,0.023948487241985,0.0670029269099625,0.0127429153860422,0.026474818533342,0.0130052507471772,0.0243009320221565,0.00996346599081969,0.0125216610525126,0.0245190702718059,0.00872349164528648,0.0377498107612578,0.037568168424728,0.0388968757025164
"GCTCAACAGCTCCC",0.140170991402252,0.0402006962881523,0.0285400598633014,0.038334956028268,0.0250254151407512,0.107206484950396,0.0616115957395054,0.0197026663194749,0.117880559792418,0.0234432488705387,0.00981264355109726,0.0159052800222957,0.0889495696000577,0.0996391397408629,0.0156085120676662,0.0633573171888853,0.0376805337020233,0.0669303297320538
"CATATAACTTCTCT",0.219647965910035,0.0750445550722608,0.0191346700197818,0.018345151119571,0.0119157979179607,0.06665941161205,0.142488007955181,0.0321130377326453,0.0636665658162494,0.0205113414370274,0.0283487003948493,0.0128602143416451,0.0531813226065981,0.0479349537824884,0.0210863479379972,0.0467120248548707,0.0547188037385771,0.0656311277502122
"ACCCCATCATCCAG",0.201773677304643,0.0142721469310159,0.011935364567433,0.0170031803074427,0.012200045849518,0.110483894066967,0.0936574195488505,0.0228753472657562,0.135204248196009,0.0208502004340397,0.0143660894002243,0.0200954504823198,0.0473035612799958,0.0506450133641203,0.021924211120038,0.0722027546130784,0.0624401281178701,0.0707672671506775
"TCGAACTGACGTTA",0.070390197746962,0.549202585507676,0.00287355877668526,0.00723183698701749,0.00178957082814112,0.0599776599470886,0.0740518198059054,0.0038505376186947,0.0694879574806485,0.00798612117822938,0.00367314704603342,0.00554560488764862,0.0164127787124477,0.0257166084924531,0.00697926412800251,0.0383843444345023,0.0273183919148939,0.0291280145069699
"TATCTGACTCATAT",0.14044917471084,0.0359774977027765,0.0183565151978686,0.0317564442082135,0.0156449357217465,0.0695203258168874,0.104573062423767,0.025663176601885,0.136911921089777,0.0229582865298063,0.012096709446963,0.0127684192017386,0.0685208051118125,0.050912504033226,0.0334912654817268,0.0668898178018236,0.065165073177613,0.088344065741528
"ATCAGCACTAATGC",0.284817441549695,0.0540389771100075,0.00953866686163769,0.0163977932457797,0.0204943066181198,0.15302068597525,0.0850995764081998,0.0077923156215458,0.102142862685245,0.0273126840081695,0.00928321646155512,0.00686392565090598,0.033115923735641,0.0364789795941729,0.00724129233694809,0.0431723232609916,0.0517351986503205,0.0514538302258151
"CCTGCTCGCAACTT",0.0922607245577518,0.0376904867560662,0.0333712186833458,0.0352964866626732,0.0191428733988843,0.0910559785156588,0.132252631951096,0.0176235896871114,0.114893008743376,0.0351520944129212,0.0183002325693229,0.0146310688808597,0.048597468550062,0.0496888420703165,0.0223867050995839,0.0769417286924692,0.0624553477010997,0.0982595130674008
"AGAAGGGAACCTAC",0.253178905192057,0.0175711089358146,0.00853288315971238,0.0134585273370901,0.0116188298972551,0.0641990107703058,0.0936231860376213,0.0199594943061358,0.121284393066761,0.0236416975010712,0.0112369938083897,0.0127040096511908,0.0431285154070151,0.0440135812375531,0.0185261222363991,0.0813685280336058,0.0769526782275535,0.0850015351944685
"CGCCAAGTTGTACG",0.0509117815532867,0.0167569884842454,0.00636623591474837,0.0138404392203818,0.00681483068344148,0.127332314846305,0.14963357508978,0.0102774576994285,0.167719879155596,0.0197554265908762,0.00723420373598111,0.00729135471864367,0.0508140982491086,0.0650396060645638,0.0177885114524392,0.0879296188499624,0.120528195062906,0.0739654826283051
"AACTCGGTAAGCTC",0.25363659637532,0.23550798681738,0.00431592077413041,0.0123371522613436,0.0114245099449267,0.0339777327791266,0.0963572066626313,0.00721053765162913,0.0648355557887516,0.0202154786961152,0.00581529827532124,0.00846219174639199,0.0270099248239707,0.0406731179050576,0.0134902234654892,0.0519791981741706,0.0576101883299108,0.055141179528333
"CATAAGGAGAAGAT",0.0337668042845904,0.0177757752504636,0.00859512477228886,0.0424058442149682,0.0181773607162398,0.169013976904919,0.139850779911947,0.0206813327050181,0.0930826848696985,0.0324058425085413,0.0148918195757481,0.0184135337042184,0.064108788480353,0.0561463455542831,0.0171457477123569,0.0785494264259809,0.114154366160239,0.0608344462481461
"CTCACCCCCGTGAG",2.69021568042735e-05,0.999343194297054,2.12286840541645e-08,9.8983751345359e-08,1.00089227600124e-07,5.41902428753561e-07,0.000405692977910769,2.08060360195406e-07,1.12548956330089e-06,6.64599180677532e-07,8.94410687492947e-08,2.1339317819203e-07,1.21831070838746e-06,5.74109945064981e-05,1.49312577614538e-06,0.000137003151366385,4.30972361909082e-06,1.97120748114598e-05
"CTTTCCTATTGTGG",0.107217992490992,0.0533461274498141,0.0178211715802182,0.0188204377396921,0.0223522830989141,0.100208005555204,0.129118212264786,0.0199174199738625,0.097627950801802,0.0316862851625165,0.0159515430282213,0.0322033541409705,0.068200611004983,0.054589219644843,0.0262560247692287,0.0746143737441787,0.0689788431015959,0.0610901444481772
"TTCTTCCTTGATTA",0.0329071635262836,0.0615055579207178,0.00885835463498706,0.0358594556627898,0.00754316002562743,0.0993730712647299,0.12504146907287,0.00742144162670121,0.179796703150963,0.0310174785884416,0.00986029483581463,0.0134575055438886,0.0499306625693163,0.0589601227198476,0.01860513818739,0.0741827399850717,0.0848615894966506,0.100818091187909
"GACGCCAATACTCT",0.116786106517471,0.0430577671904224,0.0146416698587577,0.0378309027668627,0.0112789286840168,0.0966293581006047,0.0955003845949907,0.0157880884489687,0.158296039641998,0.0187585861165742,0.00690322765808199,0.00795358479008217,0.0939917345326759,0.0490431442472235,0.0162468937097123,0.064958874499873,0.0613962114742879,0.0909384971673966
"TAAGTTGTTGGCCT",0.136206573246095,0.0339493032437511,0.0169047116024203,0.0131048590123335,0.010452392303308,0.0990773330072074,0.152294403450733,0.0166257815968557,0.0955405270852167,0.0382005646143654,0.017437319417877,0.018723393299853,0.0468665566018812,0.0522667665437287,0.015618970010678,0.0743311517736062,0.0652952968628625,0.0971040963272273
"CCCTTTGCGTCGTA",0.12642643756117,0.035449725238169,0.00474630624172327,0.019556913730756,0.00960731316147782,0.0713336399117783,0.141596211322173,0.0109809336065732,0.104660316416626,0.0387386476265269,0.0286058013600164,0.0137162368661018,0.030890576282348,0.0612751784711522,0.0289147706474762,0.0954281118491758,0.0739793709255788,0.104093508781177
"ATTAACCAGTGTGC",0.104478695386839,0.0211028732144594,0.0129697005961503,0.049976237315996,0.020121190805406,0.139777417091872,0.135023526968448,0.010602689031007,0.101222805064248,0.0233602718263942,0.012376181237538,0.0178633991049512,0.0680890498955147,0.0476219981498419,0.0150214224241815,0.0759576244293652,0.0677889435516504,0.0766459739061368
"GCCTGAACTAACGA",0.108087403357145,0.0149864602331675,0.00694080969602679,0.0440873732688805,0.052938127687167,0.0834029957603055,0.110793534439381,0.0157493605257627,0.120179352441868,0.0185335084019693,0.0116901227313298,0.0058779694917353,0.0905945758909458,0.0517187237383698,0.0226265868582836,0.0905541641468074,0.0630876097399292,0.0881513215909258
"GCGAGTCAATTATA",0.207630403051552,0.0429576849711795,0.00491679755458218,0.0249456341724181,0.0101396401161375,0.161118428113745,0.0921021077710125,0.0161292235956794,0.172714644836175,0.0248519241130281,0.00531932156712175,0.00953097844612263,0.0265897050718963,0.0422955741948612,0.00968335063392399,0.0521909473546265,0.041684177687584,0.0551994567483539
"TGGACATCCGCGAC",0.162297826966653,0.027787884801322,0.0147723863522919,0.0242953127366839,0.0103617953819257,0.150604963511116,0.115411982745551,0.0095069451283566,0.13394358481845,0.0303781519046517,0.0162927075626788,0.00790549966018699,0.0457970878382113,0.0493908038769288,0.0188278187384877,0.0600295123992848,0.0566414289351865,0.0657543066420334
"TGGTGCGGCTAGAA",0.152975488810576,0.0236587497532645,0.00524075116219354,0.0120247599650143,0.00715004191259503,0.0428841170773044,0.123332523248924,0.0259363277758809,0.0485761470200817,0.0125471501221383,0.162201975486286,0.061031177867765,0.0177023730227614,0.0516742522690599,0.0354059459920603,0.068443794862617,0.0692530086953264,0.0799614149561522
"ATACCCGTTAGCAC",0.224576696611473,0.0201828969233508,0.0104750016425415,0.0193944029628004,0.0150701843502399,0.172685497141731,0.119909666660907,0.0104312019666791,0.107167240844927,0.0239505400684893,0.00782236032689129,0.00521342139799839,0.0397643162422931,0.0469634118806211,0.0107777585326194,0.0532062979036632,0.0477885129737249,0.0646205915690489
"TACCACTACACATT",0.0478147616340016,0.0378926678658316,0.0177990411155017,0.0260255763626451,0.0128704363962511,0.160778799514254,0.160967331235983,0.0173740142758876,0.110193299773009,0.0183320591961252,0.00856703571453454,0.0123301388337072,0.0556034137146156,0.0482354168166915,0.014373499388376,0.0819933374049451,0.0853780016950995,0.0834711690625412
"TAACAAACCACGAG",0.149406714936501,0.0471538081999034,0.011927693764174,0.0217350509062738,0.0157467306920669,0.133440566350817,0.118378225230133,0.0107572941348121,0.104273545398733,0.0519862539079047,0.0271769278141617,0.0217686533826726,0.0375603162894588,0.0400114892200652,0.0146736222134611,0.0685403617721294,0.0626808104364672,0.0627819353502647
"GTATTGGTTCTACT",0.0905700190761982,0.446845898887092,0.00275966061134742,0.0182802512182392,0.00933885967282216,0.0365160645489574,0.0649170694072684,0.00891116049793201,0.0678260590745069,0.0134708736394551,0.00704336606964209,0.00406028410638696,0.0455044255124905,0.0324804721047222,0.0122962683827358,0.0523581655040882,0.0504598377416872,0.0363612639444281
"AGAACGACTCGCTG",0.412188747394369,0.318083870951378,0.000258274006240378,0.00206660411942764,0.00124246747003031,0.0082767640823445,0.078254609607578,0.00179261134477898,0.0107287662810359,0.0029049483788647,0.000556291479880347,0.000835958057450677,0.00772969604932912,0.0355968059310018,0.00478144138982588,0.0462382865431739,0.0213283319885091,0.0471355249247816
"TACCGAAGTTATTT",0.066955181036204,0.495761121002611,0.00245824356649488,0.00366181849128856,0.00215437153184286,0.0610492242074184,0.0785302304678061,0.00649741041934261,0.0499010349815365,0.060521324605249,0.00520879936941391,0.00950415596957545,0.00882668532811213,0.0275855030910109,0.0169223495214833,0.0389553352653901,0.0306223476887162,0.0348848634565042
"TATTCTCTCCGGAT",0.0388509553653895,0.0201318093014773,0.00134488725804698,0.00426940369115788,0.00138471870244098,0.0204431243008681,0.081741773144646,0.030454176511333,0.0634818809080828,0.0153406321711631,0.0393990271398412,0.397853185387978,0.00877555810737763,0.0508521744081835,0.0191455129728191,0.059678766491417,0.0714810788740675,0.0753713352637102
"TCCTCTCGTTGCCT",0.145728513855682,0.365220217606971,0.00530801651894561,0.0138926494139102,0.00497890498636877,0.0606314591359264,0.06651566471486,0.0103722163745237,0.0798880637191201,0.0116449928977872,0.00342713138789535,0.0088628823002596,0.0212003583269933,0.0348923885719036,0.0147824048669162,0.0568357647099829,0.0432293635384005,0.0525890070735531
"TCCCCATGCGGCGT",0.0700859620515827,0.0732560712632594,0.0455587892634395,0.0533077842344836,0.054042150232626,0.099182522867679,0.111420036970623,0.0273238637034183,0.11357874902501,0.0265378468396561,0.0178103948734485,0.0195754651685404,0.0756456346413882,0.0468400116508771,0.0175157898604165,0.0625870877738069,0.031410870715235,0.0543209688645093
"CACCCTTAGTAATG",0.247492882039118,0.156902494781322,0.00168034479839212,0.00200895001947644,0.00131987232304984,0.0224136851633788,0.0694210283023063,0.00750808347355773,0.0559529338175613,0.0102883654090506,0.00740266477362553,0.221875430177208,0.00771842415780797,0.0359165999141196,0.00748364538133812,0.0357644940528128,0.0493327097201458,0.0595173916957291
"GTACCAGCCCCCAG",0.097955763510445,0.0344215327245763,0.0347081824325339,0.0372019823633751,0.0214849318546772,0.0877581202830149,0.119000505973961,0.0351190218953019,0.0733159971733702,0.054149672867383,0.0255383214703614,0.0121043884867807,0.0479033015454181,0.0527207911299904,0.0294496871044513,0.0751203097416465,0.102715890809232,0.0593315986334817
"GCAACCTTTCCAAC",0.207523292352227,0.0225142142621572,0.00785236893187761,0.0166671835111561,0.00668966585101666,0.0986124752729403,0.12460057709286,0.0108032578461072,0.107541894605784,0.0256112958541412,0.00745551615654839,0.00653068930722204,0.0642385704313771,0.0461589055227356,0.0128808834944723,0.0797978051711061,0.0677803784864625,0.0867410258498088
"CGGGCAGTCACTCT",0.385087132723226,0.0652147203550371,0.00548201951178549,0.00964469835276819,0.00159471488764312,0.0559249946583409,0.0863624402557275,0.0104030059002532,0.0923797306795034,0.00929015058115572,0.00747859782062091,0.0098100439118214,0.0283681906825215,0.0383932807836319,0.0119038251170701,0.0603996132056118,0.0507752340665892,0.0714876065066928
"AGTTATATTACGCG",0.216934493260755,0.0601207760221814,0.0142419639910397,0.0162961912515926,0.00611473594624674,0.0787385682814971,0.116630264096696,0.0131427386391058,0.0895661721393741,0.0195618925298573,0.0122320198411667,0.00893850294104274,0.0437872316522353,0.0476096142455314,0.0142784233884689,0.0737062782194369,0.0721683040016483,0.0959318295521243
"GTTACCGACACATG",0.10876642003016,0.0193220309322148,0.00675963083361259,0.0511160930176667,0.0322414438022908,0.0987880363293,0.128760820819257,0.014528936700305,0.126086141432448,0.0232222999121322,0.00462944346011987,0.00888192247970638,0.0974334070067609,0.0556697168442511,0.0182949791433216,0.0771961711998782,0.0595063467290732,0.0687961593275014
"ACTGCGAGTCTGGT",0.0747740095662665,0.142438477211733,0.0190775671896577,0.0180646631975039,0.0210426521788603,0.214128422276959,0.0756784309613288,0.00666562933855008,0.121056347099772,0.0273355963598344,0.0117807241898823,0.0178513660892104,0.0415849172250588,0.0415081518017056,0.0186909774505115,0.064367296907824,0.0430936426704675,0.0408611282848746
"GACTCCCGCTCCCA",0.0827786054196763,0.0393103589107111,0.00292065334478492,0.00710423723693509,0.00248526609138193,0.0373774948690689,0.100274133487565,0.114093222641709,0.0837868634906058,0.0253863705172974,0.0267813744457071,0.0383062371507678,0.0112932988518117,0.0585107895095154,0.0502479597908451,0.0777187913761606,0.158512973144033,0.0831113697214235
"TTTAGGCTGGACGT",0.299402998308398,0.00888250848668578,0.00459738661921958,0.0217589572995309,0.00823854808144256,0.0577942252637338,0.0924548630136339,0.0107612960962947,0.127794964069132,0.0129915492088926,0.00704849728935778,0.0111116660715129,0.06399757529056,0.0428202283021567,0.0125992897366037,0.0758001561751395,0.0679211856319573,0.0740241050557484
"ACTACATATACCAC",0.131404281363635,0.0316397244963108,0.0311578285580443,0.0351686738584588,0.00613585450261518,0.0703320050885981,0.113278682520159,0.0169300321983147,0.129863868502621,0.0538731346885578,0.021687642445086,0.0134454364033339,0.055862913809695,0.0509328533451653,0.0122778273664611,0.0761911062697143,0.0710729171548031,0.0787452174284271
"CCCCCAAGACTTAA",0.0222913862440966,0.501281567622083,0.0584456494270059,0.0316400282437252,0.0239288429266926,0.0549134087275693,0.0332088937294082,0.00444008221184142,0.0295971648323198,0.025820384455157,0.0234823592082796,0.0173614097730856,0.0314359477680185,0.023136499241145,0.0175129797525348,0.0525917373315621,0.0170764736367114,0.0318351848687636
"TTAGACCACAATAC",0.106713105059516,0.0383233132705119,0.0078495292044701,0.0217133116114528,0.0120052115203682,0.16107899617571,0.0618041420234689,0.0127561715760575,0.295657524125679,0.0219056823972191,0.0113951744791703,0.00826731023750952,0.0257384504230928,0.0376501213010083,0.0163239544111632,0.0513440025347122,0.0620685833936,0.0474054162552903
"GCTGACCCCTGGTG",0.185268825652557,0.0997246170388038,0.00204880047693216,0.00426237714694867,0.0032884226229975,0.0474645194301808,0.126948520113293,0.020698105977315,0.0556797634315443,0.021162914988699,0.0790505182923886,0.02046110775706,0.0185396074289808,0.0482594879633721,0.0204216699773672,0.0631235748886608,0.100162019328557,0.0834351474843428
"CGACCGTCGTGTAC",0.179523752926584,0.0412910810536719,0.00737884550890872,0.0177536762062267,0.00636738609917159,0.130403761868124,0.0852599840692251,0.0144599635711894,0.132690027808612,0.0599950381536703,0.0181867442163367,0.0179237056473211,0.0241905603974475,0.0447431273321946,0.0233641062930637,0.0639741191133857,0.0610329264852096,0.0714611932496573
"AATGCGCCATCATG",0.0990729406461368,0.0374406126061053,0.0137663581163061,0.0374100339339397,0.0121554598752509,0.0941107217036783,0.118166279810805,0.0303963380442253,0.11968443558554,0.0404462987120041,0.0121050715314109,0.0144661742075616,0.0531041354187981,0.0517745880794367,0.0151930440423682,0.0811779431471124,0.0822206267049459,0.0873089378343741
"ATTCGACACTCAGC",0.211609747145959,0.147022556540565,0.00734414140571407,0.0157235151855256,0.00561809784551937,0.0734235682593033,0.0672593599560531,0.014413225719752,0.188183996436625,0.0287806421418949,0.00692615091652892,0.00553870581736429,0.0161209707465935,0.0471030288530453,0.0127694642907724,0.0512250953980154,0.0417668170042584,0.0591709163365107
"ACTAACCCCTGTCA",0.0383756681219358,0.876876364820537,1.24728308817041e-06,1.38764091411596e-05,8.13611922933732e-06,0.000130218735345148,0.0351758875354035,3.02453244007685e-05,0.000420847194205833,6.41527213545424e-05,2.56421269422318e-05,4.57026914704659e-05,0.000202692767836128,0.010042126821487,0.000207687743678143,0.0274225485520574,0.00148564037971741,0.00947131465217001
"TCTTCCCGATGGAC",0.166398607651388,0.0177603624758667,0.00851564762618547,0.0448093846137554,0.0278852511884196,0.0643502139187284,0.133266280597363,0.0147587233543923,0.0871057281946802,0.0338038774505043,0.0184848883466526,0.0146507678519213,0.0494527573828026,0.0515960028271272,0.0152787795812408,0.087115731689469,0.0802816000683445,0.0844853951811586
"ATCTGACCCAAGCA",0.180109561212408,0.0156299585447545,0.0538015589815762,0.032504901800013,0.043081526266575,0.0981784774416133,0.080259785368086,0.0225217915894341,0.0582169052150186,0.0309491474996252,0.023558934566637,0.0182592434874664,0.0911690308154607,0.0456391283840713,0.0361154512751085,0.0653605256490189,0.0494036473605466,0.0552404245425862
"AGAGGAGACTTATT",0.143535892467932,0.0178379955703585,0.0200388131031876,0.0229639749288724,0.00971467837811173,0.0591871804946351,0.123830826288312,0.0262623263667745,0.106668658002709,0.0384077450336174,0.0177234921692704,0.0155938170501444,0.0443629140926815,0.0471397139000886,0.0312428574912627,0.0725592238748916,0.113775514752281,0.08915437603487
"GAAATACGCTCCGA",0.0994005640799559,0.717041427786995,0.00042030624555513,0.00170141684637625,0.00093669090239483,0.0162896270366949,0.0505229304710572,0.00264100552330986,0.0230101950086185,0.0164738858246835,0.00185503865511622,0.00105175257801608,0.00799229755129484,0.0101804590646276,0.00382660893397559,0.0203422813540013,0.0154977001425469,0.0108158119947808
"TCATAGCTTAATTG",0.067784290053818,0.0156774730877101,0.0181614095655913,0.0750946506406748,0.0569132031590829,0.106487582543023,0.116246356370138,0.0170888337203785,0.123697943336653,0.0255905329010755,0.00550797151489332,0.0076918271964816,0.0998938273492358,0.0512532504236867,0.0130346377673383,0.0749586855949502,0.0550287443329511,0.0698887804423178
"TACACTTCCAATAC",0.307764433000388,0.00663002472135431,0.00886233389215899,0.0265723389956668,0.0343986445315847,0.0840748709846874,0.084277803981186,0.00965835094703399,0.0669357600767615,0.0145788210885842,0.00355553411935301,0.00638100435786542,0.0665239107704474,0.0453173992096803,0.0183219463308772,0.0753597413479822,0.0538345654923443,0.0869525161520443
"TTTGCTAAGGGCAT",0.0816454182772964,0.0355355458384338,0.0114861889174788,0.0286229406968209,0.0116780417896023,0.124581759104112,0.0879584799469804,0.0160311776160349,0.273189482138945,0.0289789799708699,0.00849311394507288,0.015419251669283,0.0407475859991386,0.0436559082093467,0.0141640249329934,0.0680206676918338,0.0445091458804028,0.0652822873753545
"CCTAGGAACCGCCA",0.00258149415355333,0.954257538021071,6.6362160723475e-05,0.000500876255428693,0.000373062152917697,0.00236894168545962,0.00659708832159592,0.000523504276675083,0.00425091982801167,0.000605708101085299,0.000162327969736847,0.000274152640827338,0.00321432836458714,0.00357789742578823,0.000874207837961402,0.0147891804440754,0.00383107371948663,0.0011513366410151
"CCGTCATAAAGGTT",0.19456919652746,0.0451921908304803,0.0122303662697781,0.020927075394219,0.00599620008676378,0.0666419697753935,0.1050560688411,0.0153804503388664,0.133096460279652,0.0282665945079731,0.0067602317059599,0.00934446126058871,0.0412781358253526,0.0530098669306973,0.0163122744999774,0.0757034402955579,0.0773609736192641,0.092874043010916
"GGAACTCGCCTCAG",0.33474789794959,0.0426750865154483,0.00793634329709487,0.0234672347887784,0.00924944628814993,0.0603529015591883,0.0827191252844066,0.00858834546236333,0.0930304338502919,0.0194239299698353,0.00370694947190957,0.00481334819816539,0.043503824741824,0.0337610319253054,0.0101248492068786,0.0750256069315067,0.0610395470620155,0.0858340974972477
"CCGTCAAGACCTTA",0.133053676827143,0.287196064119976,0.0017389802147785,0.00440669329369343,0.00231597945971206,0.0403103036185107,0.0967186370760395,0.0146880403933549,0.046765654139677,0.0153306913598163,0.0772364539548449,0.021212938154521,0.00983819078670734,0.0351247951266396,0.0145740718767982,0.0568026811754606,0.0685209176115394,0.0741652308107872
"CATTGTCCGCTTTT",0.169355565083062,0.0251375969044365,0.0129527143908577,0.0556281061397679,0.0434110569596362,0.0958857805084803,0.107565908153835,0.0197032746871317,0.0923492269061531,0.0431225246933734,0.00804423901552592,0.00730362570789693,0.0658843707205287,0.0460577446855336,0.0165405580558228,0.0480315295160385,0.0766775469589238,0.0663486309129961
"TTTCATGGATTCAT",0.024741568073258,0.0145527097702226,0.0107447545706895,0.0353423791756528,0.0331795994354119,0.123019167592484,0.113099088559325,0.0126719830660414,0.143201430248299,0.023090866444321,0.00643659472904437,0.0119181927552278,0.129258392554858,0.0630015993907084,0.0294287687696902,0.0793323091518119,0.0725756074003377,0.0744049883126167
"AGGATTGCACGGGT",0.265705440523379,0.0235070638996995,0.0183251884907588,0.014938323995149,0.010820908367958,0.0813958099970367,0.146181294643735,0.020123375147503,0.101129690574051,0.0151491870184145,0.0123258944776928,0.0101938455770835,0.0165936527134611,0.0416735345929528,0.0223441245164905,0.0579177295411108,0.0666184431102018,0.0750564928133228
"TGTGCAACCATCCA",0.126065979876232,0.0358495369019615,0.0175759941109741,0.0250691526195641,0.00928417007832768,0.0931334356550469,0.135382174267156,0.0153976600646978,0.11315822669827,0.0315726031236011,0.0156638248740732,0.0290137001740166,0.0471848569131527,0.0452963776518416,0.0199530432816603,0.0674140522584081,0.0728823089690258,0.100102902481991
"TCGAAGGTTAAACA",0.0844800964160922,0.0229394206547214,0.0199080208055652,0.026330097711489,0.0103444961074629,0.121811559200742,0.1055766801619,0.0171556867395067,0.147802080153773,0.0288722357438929,0.0108711891229239,0.0125961733426157,0.0479127281285081,0.06928190676328,0.0226737002554653,0.0791039180883679,0.0793904642868029,0.0929495463168901
"CTTGGAGTCGCGTG",0.207106398601477,0.068749662193878,0.00819438794965865,0.0196463219945624,0.00994895343210058,0.173228459754487,0.102883222367175,0.0150068912945655,0.123877583188638,0.034010320999024,0.00740038734212904,0.0088429112349137,0.0284908062762365,0.0387185925831008,0.0154839199051079,0.0465381617094399,0.0447792446117718,0.0470937745617339
"AAGGTAGCCTAGAA",0.0654410190532272,0.034608555717634,0.0138424203819954,0.0273383982546938,0.022273693808449,0.120545528553552,0.107478409201348,0.018225301354062,0.112549423493285,0.012010961978186,0.00659507598036781,0.0119910894127987,0.0643209073666337,0.0638120413731683,0.0204612730377492,0.122664788126581,0.0888091989471428,0.0870319139591265
"TTCGAACTAATGTA",0.179181143057387,0.0912774832410398,0.00833700887653919,0.0210093034023834,0.0116156720257426,0.0557054629037481,0.123102428627845,0.0144457945849577,0.122949209530454,0.0269743708436187,0.0112245521605592,0.0202593670382709,0.0242692335826503,0.0463005740916248,0.0225907084150675,0.0669239239251997,0.0719264533684393,0.0819073103244728
"GCTTTCAAATCCGA",0.000268010465327886,0.997436774967682,2.37538016968754e-06,1.85997434801489e-05,9.01417592380837e-06,0.000113841327791155,0.00115671757414604,1.66124615331761e-05,0.000213200602493956,0.00012015038197543,1.13763584696807e-05,1.4026704170367e-05,3.88787734084533e-05,0.000107860556427213,6.2852185945836e-05,0.000166642596746805,0.000208742547648868,3.43231966594943e-05
"TGTTTTAGTGGTTG",0.159316730542657,0.03786377035493,0.0142722133954024,0.0174970593247925,0.00759247164388811,0.0502811806200542,0.101780600241982,0.0208198063240962,0.166522249747526,0.0292121379583565,0.0172269386012715,0.0167333694876258,0.021497737851541,0.0513747118754635,0.018250341333101,0.0732258866361092,0.073773284350003,0.122759509711199
"GACGATGCCTACCA",0.147996005674536,0.0159564566079781,0.0143346653695573,0.0330014069676647,0.0179180562467855,0.0970606821441833,0.0981357323428816,0.0117627341667583,0.117544094510843,0.0347538918018826,0.0128523527333047,0.0129547674491311,0.0623848072303109,0.0703318753517861,0.0207136232579816,0.0935441096072779,0.0522365583907309,0.0865181801464062
"ATAACGTGACGGGG",0.151585932219806,0.142908847255837,0.00738890685863016,0.0162378827523794,0.00860887571749713,0.112700372122576,0.0758890399470108,0.00908714043264096,0.238313358061438,0.0259017655755143,0.00664359143846802,0.0105714404567277,0.0370043143346733,0.0358522724039786,0.0167774508118068,0.0367309953688155,0.0348108085048704,0.0329870057373303
"CGCAAGTACTGGAA",0.241224987265101,0.0981408042734814,0.00251848096292103,0.00873190644701678,0.00318838988276215,0.142869142635588,0.119924901278661,0.00657091108110674,0.132665731761128,0.0272340333440717,0.00100644027492664,0.00545296311217887,0.019233927744014,0.0357547397534115,0.00760348182408319,0.0513950740059541,0.0466893298622785,0.0497947544913153
"TAGTAGAGTTCATA",0.214217100309075,0.0318526494183435,0.0078033721134329,0.00970146734315748,0.00634617322365263,0.0321412666363921,0.085663220808112,0.127399235696019,0.0811531758001708,0.0269050215210925,0.0186770678528834,0.0162796934450108,0.0225001080068,0.0367786223787625,0.0485791582018521,0.0574420998071295,0.108223727075524,0.0683368403625899
"GGAGTAACCTTAGT",0.113877462122532,0.00661994619683416,0.0349746475526596,0.0706315930127863,0.0704859601988184,0.129594280486536,0.0996653004919561,0.0614296102610077,0.0502927769294056,0.0371431116415874,0.0624456876944293,0.00903436351105983,0.0215835820372158,0.0411085002853991,0.0141943359911025,0.0590979729904742,0.0584362653855367,0.0593846032106589
"CCATACATCATCAA",0.0636051935351456,0.0496235745501252,0.0090243038432602,0.0267479722125643,0.0152471189157959,0.0936218281212909,0.0888187729299841,0.0150780043245251,0.186325552858685,0.0190293670859148,0.0181941599062703,0.0134686730042327,0.0595795471968122,0.067021636814235,0.0171907864278036,0.0774085585205653,0.106312098865821,0.0737028508869682
"TACTAACTAGACCG",0.136306147097661,0.0273169025653972,0.01040035043927,0.0643350434219746,0.0387126771724963,0.0994836840295115,0.107447512506075,0.0164180725403068,0.115620756749921,0.0303679907957521,0.0073157887388541,0.00987831221672704,0.0968753277807306,0.0438917233520637,0.0131598721536868,0.0605446782893451,0.0482782637178882,0.07364689643234
"ATCGTCCGTTCTTT",0.225820851508856,0.0986053513130875,0.00686577499803024,0.0241698842242001,0.00757155000036762,0.0762169390174501,0.0813764400405901,0.0187553605178136,0.0874672000346261,0.0398381505143502,0.0223049101894589,0.0113587468812986,0.0302513348795674,0.045200765154349,0.0199363708724002,0.0638953654095517,0.0948533909616977,0.0455116134823045
"TGTCAGATGAGTAA",0.150634672791767,0.0316481633095427,0.00773408471796007,0.040803422996162,0.0170729201394311,0.152658512684568,0.114283929120319,0.00776046641324625,0.142854745400647,0.0186055025021898,0.00414603504100302,0.0129404675438394,0.0401280185779563,0.0583186598207003,0.0132444993184993,0.0681466432083148,0.0536002224472776,0.0654190339665769
"TACGAGTCCGGGTG",0.119400925788229,0.00816082573342928,0.0207905296544714,0.0384037235000642,0.0322716506873841,0.106207330206331,0.0828609483880084,0.0185950373861547,0.0923649677991383,0.0397007940585606,0.0172938090417305,0.0151933897626416,0.0889925464380588,0.0522770759095367,0.032935016843007,0.0792621615368019,0.0813336365417848,0.0739556307246678
"CAGTCAGCACCGTG",0.161665746555121,0.0211939895868331,0.0217587936036818,0.0259048308775178,0.0139016902560498,0.11449458749257,0.104718976607894,0.0216658024350714,0.105197423660148,0.024576051892641,0.0133764197823819,0.0149874326131944,0.0651246944818206,0.048149155260132,0.0292215820625998,0.0719136985399374,0.0706704061675792,0.0714787181248264
