"","n03-GC-1","n02-PGC-1","n07-GC-2","n17-M/TC-3","n06-Transition","n01-OSNs","n13-AstrocyteLike","n09-GC-3","n14-GC-7","n10-GC-4","n05-PGC-2","n18-EPL-IN","n04-Immature","n16-M/TC-2","n08-PGC-3","n11-GC-5","n12-GC-6","n15-M/TC-1"
"10150_10150",3.20054065499818e-07,1.39647546789698e-07,9.31021912589906e-06,0.0472437767178262,0.0317447413402836,0.0111048042307336,0.685270434545128,5.97670215115971e-06,0.000116986012051726,7.13601938158297e-06,3.4847706602359e-08,0.17601296512949,7.64815829350882e-07,0.00012667472791858,1.08913507759362e-06,5.42907135289462e-06,1.27716629540239e-06,0.0483481396180357
"10150_10250",2.64746739937871e-07,3.98620387574993e-07,0.00420469055825723,0.131368761935214,0.28289869337321,0.0138392167225029,0.460115374536596,0.00101503623091583,0.00108720572705852,7.23814172476293e-05,2.01770283265185e-06,0.0401147077414856,0.000454245823044422,0.000162596196684249,0.000321693779002527,0.00107469772903243,0.00159434972541188,0.0616736674343765
"10150_10350",0.00013635868305457,8.94702857853176e-06,0.000989064557308438,0.128370202292934,0.32175333718306,0.00576503463325432,0.360162442465926,0.000848474213176942,0.00187055159126365,0.000252339447989276,2.31348282009613e-06,0.135227472264568,0.0121328034106703,0.000433096755163978,0.000320932311092107,0.000734566103367647,0.000408069261563252,0.0305839943142093
"10150_10450",1.70650957223073e-05,5.54259954071644e-05,0.000473023487324489,0.0746628922809718,0.13699512996412,0.0278490074489858,0.509633361984522,5.64546790685332e-05,0.000292783108980602,1.68821314594561e-05,2.10231886585084e-05,0.172901613927855,5.74047051949878e-05,0.00041883216646967,1.56539084194209e-05,0.000143881983906497,0.00013249474008451,0.0762570692028492
"10150_10550",1.24318120253473e-07,5.07193577053806e-08,0.00488860916272302,0.0692544490985404,0.232078320182855,0.0199299964856773,0.379433655174686,0.000121315192542442,0.000758454059459494,2.28511392089811e-05,5.05985685072466e-06,0.240286924555691,0.000195738209262027,0.00146854331896781,1.05427337894351e-05,0.000105800415706396,1.83461455658136e-05,0.0514212192309955
"10150_10650",0.0005185293798507,9.93573051259611e-06,0.000430606247380714,0.064518723378476,0.245050858531836,0.00277174408886778,0.477991747370696,0.0199583899692205,7.82471309568029e-05,1.0750911029065e-05,9.52649684777777e-07,0.151634911252093,0.00290950743174519,0.000292988104460577,5.83679234328021e-05,0.00121889507048281,0.000182763002454701,0.0323620818268206
"10150_10750",0.000248089725575359,0.000146564830890919,0.052397489530192,0.0657009496514987,0.183696581080542,0.0267623512449325,0.339427807509028,5.85275646461937e-05,0.0920499798487236,2.88834345444968e-05,1.18282052086792e-06,0.0726299447749548,0.00450419974111888,0.0603940039241422,5.88276331040184e-06,0.0219746092024206,0.0043080304417481,0.0756649219112097
"10250_10050",5.68869302161367e-08,3.88781518918328e-10,2.20537200855802e-07,0.0402627107421318,0.0140816278978103,0.00761487815086285,0.600544230319795,1.63856072931916e-06,3.81334391756921e-07,8.53203093771535e-10,9.02444817742335e-11,0.272134641784794,2.64146181975768e-05,1.68825040503471e-05,3.70022572314381e-08,1.48002365550047e-09,2.66843825985922e-10,0.0653162765817517
"10250_10150",1.0479322251376e-08,1.04807253941074e-09,1.40739855359257e-06,0.0242884775187577,0.0199343940025495,0.0133006340773256,0.61294868546757,1.65200754829714e-06,3.22517163463056e-06,1.54492956521763e-09,8.55503605869594e-11,0.271488743476347,2.04642987022251e-05,1.23918170686205e-06,1.06688995301852e-07,1.90762705573982e-09,7.04162038371038e-10,0.058010954940645
"10250_10250",1.50431141157919e-06,4.00868825607735e-07,0.000156392746742545,0.0378805212919998,0.0751215887594281,0.016490796376948,0.561122020520878,2.25634424473706e-05,0.000123652031055985,1.02539638420886e-07,2.39798272455156e-09,0.257527211434647,1.10398250232126e-05,1.22607851020762e-05,2.04467791245371e-07,1.22942223361772e-06,3.89648047022888e-07,0.0515281191297974
"10250_10350",8.05969804845496e-07,1.93839716039415e-07,6.42214452529621e-05,0.0397030317351589,0.0941771478377671,0.0168568329179172,0.569999822755258,7.69258832225912e-05,0.000136606837284132,2.78963734470784e-07,2.9278455233882e-08,0.228095127497609,2.94782231995075e-05,1.3478126354681e-05,6.73561904094683e-07,3.62766224310756e-06,3.4595040849292e-06,0.050838257961033
"10250_10450",3.17339019489287e-06,1.39255750100675e-06,0.000328837920600241,0.0271591411139255,0.059827755271559,0.00660166632210435,0.60605392431224,0.000146278932654952,0.000569698322167189,2.2140728737868e-06,6.45296580047518e-08,0.233574288736052,0.000147335916003643,4.96835292627666e-05,8.33853166638909e-06,5.05675128885009e-06,6.03342227885856e-06,0.0655151163679688
"10250_10550",7.60499833302696e-06,3.98084895861623e-06,0.000588860530986777,0.0635579528017803,0.0550755137865043,0.00747936970857025,0.614005695106283,0.000349176135694359,0.00054021781355721,1.09671791726213e-05,1.68162780715112e-07,0.184859356355494,0.000195504447907615,0.000138045668256023,1.53743650015156e-05,2.30318448530178e-05,1.38931900097781e-05,0.073135287055857
"10250_10650",1.47471457043171e-05,3.64579130024438e-06,0.00358903122279576,0.0520766459963927,0.140319279263029,0.0317685240829333,0.544129288586213,0.000612908139944335,0.00334841742018321,9.83874936176276e-06,1.7857641734693e-06,0.167741512295966,0.000193676943402414,0.000339387305556344,2.41144399695301e-05,0.00022246345989922,0.000275082541301542,0.0553296508518743
"10250_10750",4.41330243539295e-06,9.13268834351756e-06,0.00323222704219983,0.0561873229650119,0.219442569771031,0.0224815552253163,0.472222248704477,0.000386259020166507,0.000697884114748072,1.17307630197706e-05,1.51734823523414e-07,0.180521536957855,0.00011272000070276,9.94599450031478e-05,3.88395550042651e-06,0.000471604451562541,0.000361448414064733,0.0437538509437389
"10250_10850",8.19649834247463e-06,3.53289059380136e-05,0.000648391156301344,0.0786293002590348,0.121838090721875,0.0215700488902598,0.515051689617881,0.000169130456692425,0.000414263268538277,6.86878076642235e-06,2.74618573188609e-07,0.203545054417841,9.18116960723782e-06,0.000386220089579064,1.3598301796297e-06,6.28427770989757e-05,0.000100735301144894,0.0575230232403465
"10250_9950",2.19045425665163e-08,9.46455211489541e-11,1.1947017648582e-06,0.0262455238030339,0.0184937503797287,0.0167840033947411,0.564513719754186,4.10278447109147e-06,6.03642225650612e-07,5.26482465137114e-09,4.14870499914347e-10,0.319366044887372,2.54901577606567e-07,8.95901636164953e-06,4.20884839211482e-08,1.50725703735232e-09,4.48852547952393e-10,0.0545817710110609
"10350_10050",5.28374961228685e-10,3.05981062528344e-11,8.03066891642568e-09,0.021318238235395,0.00172327073571105,0.00744858087763295,0.544027034216425,1.37641674704946e-08,2.47610152836817e-08,6.92238385900923e-12,3.56066387433053e-13,0.367718089267892,1.30515002640039e-08,6.1726102546104e-07,1.36001615449139e-09,2.95213996256942e-12,2.87441644229872e-13,0.0577641078690591
"10350_10150",3.00215029140654e-09,1.27987041804916e-10,1.21932277382339e-07,0.0275289857662974,0.00653450786834501,0.0121543098268537,0.578173662846877,3.83533697731682e-07,1.31443320369161e-07,1.04600100332756e-10,4.25421494983539e-12,0.317064787598635,6.03450417739593e-07,1.06743356481328e-05,2.28297845470336e-09,1.50512332817373e-10,1.24894135416693e-11,0.0585318257126588
"10350_10250",5.0692015271166e-08,3.75290603074563e-09,5.15019155429677e-08,0.0163045993340324,0.00693888689145462,0.0169179081323646,0.563507559858843,1.22205887121626e-07,1.54310451953905e-07,4.94925312262481e-11,1.6829077207617e-12,0.346883023021762,1.51475661654568e-06,7.36219195843673e-06,1.76357259591771e-09,1.94870667031555e-11,1.03993394356988e-11,0.0494387615051584
"10350_10350",5.64713529359774e-09,5.09124952950023e-10,6.73011869484688e-08,0.00703354349372853,0.00333783350150437,0.00558521251776026,0.556687732697702,7.40897850224168e-08,4.51358545967861e-08,1.16323826878803e-11,8.88582725977507e-13,0.382367424225002,1.72807272518773e-08,1.0595921724661e-07,2.89833014671798e-10,1.30909396274093e-11,2.02007315579396e-12,0.0449879373238071
"10350_10450",4.7389757288541e-07,1.68529992329562e-07,3.81231995931279e-06,0.0292784604349469,0.0289364900738357,0.00817582070274652,0.56845073294528,9.65693608068206e-06,1.93529858696999e-06,9.558991975541e-09,9.826479370864e-10,0.318635417434475,9.81745980861696e-07,6.13459631905221e-06,1.08900396807186e-07,4.12716578621738e-08,1.7521197607305e-08,0.0464997368493319
"10350_10550",5.05075872159938e-07,1.95575127098667e-08,9.97988165295125e-06,0.0234227134366159,0.0584725415351875,0.00968356362226363,0.578407021931251,3.72017304745152e-05,6.26648790190749e-06,3.32922923712903e-08,3.66917763315055e-09,0.272871219869621,2.48636157717606e-05,2.58994431521745e-05,1.46779012019197e-07,1.44029129549382e-07,8.08195519875599e-08,0.0570377952235592
"10350_10650",2.33632053232898e-07,1.25270925588391e-07,7.76894679350311e-05,0.0427281855892699,0.0808362953042711,0.0116048275759218,0.554560853165509,1.55523772685098e-05,5.47500311918327e-05,3.86534483992058e-08,1.62565551557839e-09,0.247114407132323,8.62380110950649e-05,9.73401059265862e-05,5.17095404702432e-07,1.06767871110757e-06,4.10225023742843e-07,0.062821467058066
"10350_10750",1.65049183082528e-06,9.68866415449808e-07,0.000660596950122651,0.02936439453841,0.103702922168532,0.014927453614883,0.577478033444089,0.000123799469256279,0.000830387412250594,8.29031513995527e-07,4.90631627718222e-08,0.224508862043046,9.52726165505976e-06,2.11574166358058e-05,2.13164186301182e-06,3.27638392248084e-06,1.86519299927864e-06,0.0483620950094121
"10350_10850",1.14422266280207e-05,7.98601784682907e-06,0.00109940982534482,0.0408801316755722,0.0994822834679282,0.00734742704301012,0.592630703423574,9.57582261974382e-05,0.00106222617756955,4.12561213642333e-06,1.29187648558124e-07,0.194321853631001,0.000204355929492566,9.40269509521373e-05,4.84488357244025e-06,2.44909022129799e-05,2.18765575095373e-05,0.0627069282618028
"10350_10950",6.09929995796568e-05,6.72450185148872e-05,0.00531244895806278,0.089637907070861,0.175411969121493,0.0183220175742417,0.510847522319943,0.0013716039100943,0.00728448311661994,1.28367533394863e-05,5.48696698886746e-07,0.149363634470849,0.00216784837322122,8.31153554992224e-05,1.97613355638795e-05,0.00044322958909535,0.000691103557270647,0.0389017317790517
"10350_11050",1.80484813588157e-05,1.90628448760873e-05,0.00200717018962325,0.0697630330297656,0.079434313452128,0.00124980107645519,0.471079114678582,0.000349902728586559,0.00304791129285516,6.99400874562233e-05,5.05885132847908e-06,0.270070392492363,0.000228993984193818,0.000387076206404506,0.00169983607654029,3.27891987842264e-05,1.00530994636721e-05,0.100527502229235
"10350_9750",3.47273981790366e-05,6.56041284896173e-05,0.000231142331872738,0.077964089191954,0.112314373923581,0.0100946898671848,0.501937354821201,0.000294271067495668,0.000926360561543867,3.2532135531722e-05,1.50415563919362e-08,0.209678297594774,0.000184392475262259,7.19935896577108e-05,0.00575306385179237,2.14804563646073e-06,7.90381325622593e-07,0.0804141535929621
"10350_9850",6.07508862316749e-07,2.81236790188587e-08,3.87684346664923e-06,0.0570590437777791,0.0170646898445999,0.0236476162173583,0.59735157980717,8.44131817749249e-06,8.64009578167638e-06,5.71527204768543e-08,6.94695863971537e-10,0.24835999398209,7.52380020920184e-06,5.95961283366372e-05,3.02277477688325e-07,5.74228155057563e-09,1.73853514909461e-09,0.0564279949467786
"10350_9950",3.60287889841796e-08,3.69840664218462e-10,4.35326555512379e-08,0.0251475858020358,0.0044101590368431,0.00473420681056737,0.574038121617175,1.21817423273271e-07,7.3033860103093e-08,1.2296297239878e-10,7.82777974261161e-12,0.334049094654907,3.05698552826818e-07,9.96897912045791e-06,8.66914284993014e-09,4.82172909603361e-11,7.38153398880681e-12,0.0576102737626975
"10450_10050",5.97281674790387e-09,4.01812820426504e-10,7.43247790715245e-08,0.0243073195774783,0.00265009008648193,0.00929187601412627,0.563996136106934,7.64619380357915e-08,1.83407754732199e-07,6.81089751182131e-11,9.65457321847833e-12,0.334402862490737,2.46274617446115e-07,4.74989802489621e-06,2.62978437348391e-09,3.18548027217684e-11,1.81116290663854e-11,0.0653463762249837
"10450_10150",1.95724299048907e-07,1.54082232854438e-08,4.8401960952896e-08,0.0147865108960155,0.00381481561281618,0.0138932159210086,0.600718825481796,6.12034385570269e-07,8.52658534836893e-08,4.01643540312437e-10,8.67821753988022e-11,0.312852695135074,2.68475399111729e-06,7.46228084119142e-05,2.18733882373128e-08,2.5893616243477e-10,1.29154402681934e-11,0.0538556499224989
"10450_10250",3.63018268028215e-07,3.06238992384226e-07,5.57528844770942e-06,0.0251111318821474,0.0118195106703912,0.00728754289110316,0.577289338450314,2.91947244931939e-06,3.88633899203422e-06,1.65836439422846e-08,9.59591148708026e-10,0.324863185980312,3.8383448019009e-06,0.000270618911227649,1.00661243276424e-07,2.99184735580231e-07,2.42939590228819e-08,0.0533413408293806
"10450_10350",1.25988930626315e-07,8.83241432539633e-09,6.33529831959311e-08,0.0120524853432512,0.00828264650511374,0.00602048784659164,0.542444655611356,2.91268739851678e-07,7.88260009416275e-08,5.47189224381605e-10,1.84391889860416e-10,0.40218585360655,1.63390914177262e-07,1.43170343704579e-05,1.84025326740534e-08,5.12296124857902e-10,1.43501409611511e-10,0.0289988026028727
"10450_10450",2.00584792348715e-08,3.16817011842062e-09,3.60798675600683e-09,0.0131461480919809,0.00224640938593061,0.00226203397619542,0.509574870372324,5.78601498069159e-08,7.40859918975486e-09,6.5589289512456e-11,6.0867030766114e-11,0.440007774020932,2.36514044124849e-08,1.78641497515632e-05,1.40873190587298e-10,4.89099385214466e-11,1.61942785335105e-11,0.032744783915663
"10450_10550",5.52598395054969e-07,3.07962245205672e-07,3.24361857563116e-07,0.0134438996286538,0.0143544654343758,0.00311450629054006,0.553872611057416,4.06462543999003e-07,2.32514399584125e-07,1.93202134068299e-09,5.51934864256351e-10,0.378347943949559,9.69020319760259e-08,9.97742242981176e-07,1.2615590274041e-08,4.18901204316177e-09,1.54253907498242e-09,0.0368636342646408
"10450_10650",4.1253335072136e-07,8.23370645532174e-08,1.34214921404973e-06,0.0209855388354453,0.0300846673765142,0.00392120997858435,0.54818606462325,2.89872680415806e-06,1.34961087554295e-06,7.59747585758929e-09,5.75989092778883e-10,0.348021308765024,5.33122223565932e-07,2.02111225011024e-05,3.52963837110743e-08,1.24258627462618e-08,4.77079615043236e-09,0.0487743201526409
"10450_10750",1.18849853384298e-06,1.09201476380976e-06,3.49642550880498e-05,0.0184466807251035,0.0603515654147743,0.0112321827137281,0.564354515270297,8.13818650976974e-06,1.65692533702063e-05,8.2025649155131e-08,4.57475966688669e-09,0.302738784834549,4.727340021349e-06,4.28873290946307e-05,1.86572531624484e-07,1.79312040924025e-07,1.34047317156963e-07,0.0427661176318683
"10450_10850",7.81163827561496e-09,3.38202337562448e-10,9.85459102277908e-08,0.0137978818925692,0.0124095837390917,0.00352516921143348,0.554232930501451,4.12693993996946e-07,6.53105440109358e-08,5.62414578345876e-11,9.80249178742161e-13,0.364763588516863,1.17919812196716e-07,3.84535364751187e-07,5.0148023740829e-10,2.56160647564239e-10,3.37673469731955e-11,0.0512697581344961
"10450_10950",4.48143941054263e-10,2.58294980484533e-11,1.59935558228942e-09,0.0113692180795992,0.000582756903048599,0.00217204877787691,0.536814636629373,1.13400458704823e-07,3.42791965795539e-09,4.26348822394541e-12,2.36898777130626e-13,0.402157932386563,7.27861783033856e-08,8.96196369775747e-06,3.58956284538521e-10,1.4257063051329e-12,1.62623766170972e-13,0.0468942532069107
"10450_11050",6.88750064145514e-06,8.86873240963962e-06,0.000738284313135542,0.0482372222043818,0.0485648840400034,0.0134020461193657,0.616353433072648,0.000197860407857873,0.000726447532293272,8.07174314044216e-06,1.31263333571852e-07,0.190431430522643,0.000401911766790646,6.30519529568756e-05,3.7516102408356e-05,3.75780209561617e-05,3.71557144752331e-05,0.0807472189905593
"10450_11150",1.52502668686331e-05,0.000263750553268715,0.000283611395872789,0.0834042205427345,0.0142004130273993,0.070825000898398,0.494014670773066,0.000180021672580174,0.000566830783081612,5.57973449723727e-05,3.50009878746218e-06,0.222203626096518,1.95708368815631e-05,0.000125868723561327,6.5015770609244e-05,0.000290796066702382,0.000503714745593172,0.112978340403105
"10450_7750",1.80389223542244e-08,6.5766298627027e-07,0.103115816552091,0.000171916142686715,0.37632528011165,1.20234090872255e-06,0.0328904793891215,0.114826013212626,0.00865530367820745,0.000120280446403057,1.37690468244498e-06,0.351179826161941,1.41490443762436e-12,0.00119654619293099,7.99584162025177e-09,0.000991124724425657,0.007899858700018,0.00262429174314218
"10450_7850",1.1012493459027e-05,1.55122568117453e-05,0.0145049056009848,0.138478436392374,0.338737925985047,0.0328794456673418,0.103188958153752,0.00054867748665303,0.0390215040189308,1.03191569363002e-05,2.04895782626733e-05,0.235602772493409,0.0459115837164498,9.36522800956941e-05,2.85272168588239e-07,0.000870087530691628,0.000949386283841589,0.0491550456327899
"10450_7950",1.24639706783543e-05,9.56745943730308e-05,0.00746777578724274,0.0543645645107964,0.189390063571128,0.0244478824317104,0.410445660578468,3.22717322056662e-05,0.00642168272317899,5.9642321236166e-06,5.21737401091712e-08,0.265170059583751,3.75447095510276e-06,4.53332439322716e-05,7.26894906650111e-06,1.68039976109433e-05,0.000119046016397752,0.0419536774326411
"10450_8050",1.02657853458301e-05,2.69721975946595e-05,0.00201753326488639,0.0274419824466083,0.200275487443806,0.00644867949869446,0.491656144135003,0.00243408468738813,0.00464367634262489,8.63405560645823e-05,3.20049912423228e-05,0.202189856308362,0.000411290247143364,0.000213543925132648,1.05839960284619e-05,0.00103181097240821,0.000529850665472814,0.0605398925361933
"10450_8150",3.3065698568274e-06,1.19920629999619e-06,0.00182423432330207,0.0649711304071614,0.24271064011778,0.00653318857540809,0.377660822421231,5.62440916349082e-05,0.000202525322298025,2.69582565592436e-06,1.89421999348373e-07,0.268057874016757,9.29392217921299e-05,3.30718836934236e-06,2.93888149155234e-07,3.9345662570362e-05,4.82837049187644e-06,0.0378352353692427
"10450_8250",4.34108974260634e-07,2.61649841359225e-07,0.000364082579372082,0.0413543806809875,0.136993274351373,0.00631729419141556,0.527722873505805,4.11539304557634e-06,0.000138659715029833,2.92598795987994e-06,5.2401412983934e-08,0.265312472022074,1.0923156271065e-06,0.000122699939906289,3.86822990489012e-07,1.08726736373439e-05,1.08203679249611e-05,0.0216433012926225
"10450_8350",4.56798998176201e-11,0.441940645228423,0.0299729781123032,1.65178602490199e-05,8.43081851692379e-08,1.15886005531363e-10,1.95931583265235e-07,5.6978008025922e-19,0.52368759867588,3.14616836806281e-16,4.09225161521532e-18,0.00437813614920358,1.48777498241244e-25,1.21187059411411e-12,1.74039304305147e-19,1.20043529779234e-12,3.54677410941257e-09,3.84002342067399e-06
"10450_9450",2.19387590202026e-10,3.09125876143491e-14,7.00879722969272e-11,0.0141201732138605,6.75560062117579e-07,0.000151690800062241,0.698362432428527,3.57619345686381e-12,8.92383138973362e-12,6.54003467587566e-12,4.46848126840893e-14,0.266789035347997,0.0154737359979955,4.04707367656814e-09,7.00729102792178e-18,0.00088109984139373,3.06829913360143e-10,0.00422115214760743
"10450_9550",1.06390752149685e-06,3.73737403232569e-07,0.000387683545373209,0.034310237730318,0.0998209221732382,0.00617148248628866,0.594404031730096,2.09212731574867e-05,4.75636821346651e-05,1.34199132312645e-07,4.28567913948615e-09,0.224430898587154,0.000385793894514424,3.37088502113289e-05,4.1171351863518e-08,8.6402345426315e-07,1.0347654541526e-07,0.0399841712464258
"10450_9650",2.08967538516391e-06,3.45242842339647e-08,2.61369898698973e-06,0.0692899634627251,0.0300280943298228,0.0353060143988489,0.586923066947106,1.8913803275599e-07,3.55815401401865e-06,1.06198892706877e-08,6.06247317147857e-10,0.243651939196078,3.02678750058539e-06,0.00100061716953084,1.12063530817111e-08,3.92007819778464e-08,2.28220291310126e-08,0.0337887080623838
"10450_9750",3.91495626665096e-07,7.33814966130226e-07,4.51082328915077e-06,0.0411457515467156,0.0198856905185919,0.0186576035260713,0.599212298543144,8.65661325469296e-06,3.20814142033236e-06,8.55706986480842e-08,6.92593965807685e-09,0.228831823425813,0.000120838738002502,4.81955334973082e-05,1.01467726904542e-06,5.52882334917272e-07,2.57324338292312e-07,0.0920783798990275
"10450_9850",7.01509335070025e-09,5.91910827698849e-10,2.42687903921892e-07,0.0169003130674186,0.015237969661172,0.0118158694619227,0.569838170266148,2.28596972931681e-07,2.99164480718027e-07,1.0123571522522e-09,2.29512878268831e-11,0.326799422443171,1.25747355377798e-06,1.20528580129755e-06,2.58470255567519e-08,3.07899085830271e-10,8.08054866077906e-11,0.0594049870134124
"10450_9950",4.20884071330428e-10,4.79797290863354e-12,1.61322650858322e-09,0.0153177246721482,0.00101689915292845,0.00689637098175353,0.569606365220158,8.87326663185153e-09,1.12123660963674e-08,6.75902404500889e-13,2.46283850905502e-13,0.354549277787584,1.0249629711463e-07,3.85084379298399e-07,1.667683969711e-10,1.37785625472798e-12,8.51057962841643e-14,0.0526128523110562
"10550_10050",8.35606837292632e-07,1.19626624630697e-06,6.53613972028873e-07,0.0135302723346159,0.0132290452106019,0.0073191177993873,0.581960848721485,1.19291390378486e-06,8.27738948390769e-07,1.16556465109229e-08,5.8365830974833e-09,0.332239509970705,4.64772336888339e-06,2.09659888163758e-06,3.18215827300774e-07,9.43087304126296e-09,7.87684248247614e-09,0.0517094024852738
"10550_10150",1.42716901635589e-06,5.83954570023075e-07,2.98573019612833e-06,0.0259148410527383,0.0142790445369109,0.0108655754510886,0.577056608425623,4.87463591414118e-06,3.03039572972566e-06,7.22576297743536e-08,2.23246251953784e-09,0.316723972620905,1.25574877316914e-06,0.000377480209797097,1.75399987417558e-07,1.17995387255876e-07,3.47230360784863e-08,0.0547679174602335
"10550_10250",1.0528921139545e-07,4.37994739197664e-08,1.28879796453476e-08,0.00996647891026411,0.00160176450813891,0.00210139718964082,0.555122911461356,3.57950567198753e-07,3.49200180037857e-08,2.12127725345861e-09,6.26188308356221e-10,0.389006188699354,2.05394863141955e-07,2.25505040604874e-05,1.44562090216223e-08,5.00656662165422e-10,4.6824314074411e-10,0.0421779303124979
"10550_10350",2.74449568297071e-07,1.1647053810649e-07,1.6744136123441e-07,0.0373384772852888,0.00263487774245915,0.00492743844837277,0.544155078713353,2.30551858372488e-07,4.93020599094224e-07,5.83636128831853e-09,1.35553773144009e-08,0.364282027420498,3.25888389854489e-08,2.99906539432338e-05,1.94924858392012e-08,2.43216935292551e-08,1.9279622185451e-08,0.0466307127277804
"10550_10450",5.01299101139708e-08,6.63679442459068e-09,3.43038280671471e-08,0.0841978229882336,0.00208095675001071,0.00361382130317751,0.520667773539151,2.5133364105959e-07,1.42921682295406e-07,1.18552664959162e-09,3.22824684642106e-10,0.349510204402287,7.4925812075132e-09,6.00100482035274e-05,6.00007182114267e-09,7.2015018844048e-09,5.09512041873899e-09,0.0398688983454543
"10550_10550",2.17061830300395e-08,1.19057241450131e-08,5.06876641777905e-08,0.0294491860788065,0.00332955380227186,0.00316681385351292,0.532359772882389,7.22178962713665e-07,6.95724564394797e-08,1.58201685334423e-09,6.88859332204467e-10,0.393801157292419,8.14507722432367e-08,8.47219871293352e-06,2.5595350119407e-09,5.22761455653686e-09,7.69112296055174e-09,0.0378840686409771
"10550_10650",2.72305835284361e-09,8.181721850474e-10,2.22364259527939e-07,0.03013854753752,0.00843710449858534,0.00470898613345575,0.518232824364992,1.04500379278179e-07,1.5281155417723e-07,9.09304846014511e-11,4.57315500355001e-12,0.402487882117466,4.84471614879337e-09,1.83637221008888e-06,2.02091932915708e-10,6.47160142053506e-10,5.93678899955158e-10,0.0359923293751971
"10550_10750",3.9128488404442e-10,7.51007647432407e-11,1.50642502766962e-08,0.0222068138436101,0.00119985772952767,0.00583423527243078,0.524708183363959,3.99210757245762e-08,3.28157047941446e-08,5.14034130038778e-11,3.69518395718614e-12,0.413035237121782,9.75850800635606e-09,2.31122030291471e-07,3.69294294838611e-10,1.93738440000395e-10,3.27668251950541e-11,0.0330153428698376
"10550_10850",1.06219680388019e-10,1.2083939891237e-11,2.12233037541702e-09,0.00913297075961356,0.000401749702199891,0.00292849250926879,0.515137421067182,6.66573773682691e-09,3.03888949277096e-09,4.41749317212619e-13,1.2401136653718e-13,0.439354422471383,3.06467823427843e-09,1.64449216123475e-07,8.37497371890153e-12,1.89986611442453e-12,1.98660065421554e-13,0.0330447640201585
"10550_10950",8.61271781179782e-08,7.79859425110666e-09,1.17748587162236e-07,0.0152081726052314,0.00828320904729982,0.00942625706496404,0.557473131451404,7.17678442101572e-07,1.22978289053916e-07,1.91992824401436e-10,1.73484779397712e-11,0.371375569899547,6.13745146176408e-07,7.3897499182323e-06,2.29017486435738e-09,5.83128503378563e-10,2.42427380301993e-10,0.038224600780327
"10550_11050",1.90532465029432e-07,2.31622057943542e-08,3.00253683522385e-07,0.0208249317314122,0.00644292082385829,0.00863138034879019,0.573351852309107,1.29846083792925e-06,9.90770519349818e-07,2.41583196620208e-09,1.44171377351783e-10,0.324763734558398,5.45831150211819e-06,5.76373197113906e-05,7.60690535348244e-09,3.03627726216491e-09,2.35070706684708e-10,0.0659192679792523
"10550_11150",1.18774337752988e-06,9.82638178009124e-07,6.50762050877142e-06,0.0270497227551841,0.0123580596562047,0.0202103178454117,0.599018236228727,5.31524259282588e-06,1.1358888686708e-05,1.90319028523898e-08,2.46221676889312e-09,0.257642597522529,3.20410019696946e-06,0.000493381052795274,1.54228135950496e-07,2.58148897712874e-08,3.82216781214718e-09,0.0831989233462945
"10550_11250",2.70329097749506e-06,2.84149398383921e-05,0.000239798172652226,0.0170330007473548,0.0372620332965669,0.00742212229725037,0.57406215725627,6.10861843166758e-07,0.00135938723362468,1.04479279781686e-08,1.08340704698071e-08,0.287105029635051,7.45223255926156e-08,3.33720962596305e-05,5.25249247864843e-09,1.36074486610445e-07,5.37288409915579e-08,0.075451079312168
"10550_7550",5.19124343275100e-11,3.30924815101405e-12,0.00077747230894798,0.00119876570137696,0.457426377819423,0.0259429570383694,0.495166391612437,0.000180626256390351,8.91343297567078e-05,6.89955768728277e-08,0.0144170479580862,0.00235082201315186,1.46177349941615e-05,3.1146022142744e-07,2.37374389800648e-06,5.55507751069699e-05,1.32808722723649e-05,0.00236420132476917
"10550_7650",8.3738640991038e-06,5.1034321794581e-07,0.000191475281967927,0.0313209595913039,0.15936677464733,0.0223115476137475,0.531840367481308,9.25552575400472e-05,9.40201563400747e-05,1.28981341714498e-05,2.40993732601609e-06,0.215896071864841,4.00995894278366e-05,9.16463569530625e-05,2.15713638150516e-06,1.68590991439723e-05,0.000108404486601263,0.0386028691583
"10550_7750",4.58896992775911e-06,1.01409785282028e-06,0.000177239508196592,0.0412139848415265,0.102946369000216,0.00886574600355738,0.569927129558878,3.01380695078394e-05,0.000129921318407167,2.17816196153677e-06,3.30842081212052e-08,0.221483597715156,0.000309275098514755,3.1393371747159e-05,2.02131669800354e-06,1.11364188385267e-05,2.17561250575266e-06,0.0548620578522995
"10550_7850",1.13705932540385e-06,6.01307883793476e-07,0.00015889191282582,0.0460373714677264,0.0974157329105015,0.0118851891493021,0.541313324497822,8.68752072949175e-05,0.00021781105965009,1.27010211636393e-06,5.23070725443769e-08,0.238529598076182,4.6736666114651e-05,0.00012536568398452,3.16958814313809e-06,7.76996220447531e-06,4.38867959867473e-06,0.0641647143622517
"10550_7950",4.97280624584967e-05,4.77409143948656e-05,0.00015523847771536,0.0343329807014722,0.0891839856490889,0.00608563799870189,0.598333858824737,7.7672021594863e-05,0.000104618285997937,2.57704586860724e-06,1.7854089047299e-07,0.216196360043654,0.000173489538891813,4.49830443143802e-05,3.91249267283895e-06,2.18269792350932e-05,1.99196372855175e-05,0.0551652917410258
"10550_8050",7.11839916481133e-06,1.52670362706401e-05,0.000227166128949706,0.0454557578186915,0.101253761864122,0.0136105695752918,0.579880952234389,3.36125469708944e-05,0.000320592438902141,1.06549200364523e-05,1.28278826872153e-06,0.21313619185139,1.91949334562931e-05,6.850303173411e-05,3.21604003087101e-05,4.65658210755796e-05,0.000104065041063557,0.0457765831699143
"10550_8150",5.13398003447978e-06,8.56983352234105e-07,0.00016046343554164,0.0402478469332186,0.0701924478232811,0.0122025943778352,0.624672357874079,0.000166568813987926,9.24701462214182e-05,2.16830136487619e-06,7.65113554043261e-08,0.191965112571298,2.50573659419607e-06,0.00172528746533494,1.57584650667995e-06,2.99132465990895e-05,1.25275443777045e-05,0.0585200924090177
"10550_8250",4.86741461300677e-07,4.96033817242498e-08,9.27821840279091e-05,0.0308587418757262,0.0976055062256049,0.0177404298108754,0.542921892886448,7.48328730858781e-05,3.15339520377067e-05,1.048045958597e-06,9.5254496672719e-08,0.269479502022717,4.18649685675816e-05,0.000100435578247718,3.31553683998e-07,4.34819152412624e-06,3.38210609314423e-06,0.0410427361260619
"10550_8350",3.0593064234678e-09,1.18445746340473e-10,7.87608189901632e-08,0.0283569210661327,0.0127568522826413,0.00607560321509122,0.568976132419997,1.46943953663217e-07,1.08153310245474e-07,5.69004175656976e-11,7.01782477876183e-12,0.343102994765823,9.42186049687941e-07,7.00228601135285e-07,4.44931694424561e-10,5.20284322587432e-10,2.25431464680664e-10,0.0407295155452624
"10550_8450",1.82579817909782e-10,8.87308191875923e-12,1.16693444213452e-10,0.00640465691106796,0.000512662712623269,0.00476555189757835,0.523323080715501,2.60245611205086e-09,1.0144862632708e-09,1.20808332951437e-13,9.44400002633491e-15,0.444165604195908,1.72559522792436e-08,2.60498031801125e-08,2.87983309911097e-12,2.86511194382101e-14,1.32787269854532e-15,0.0208283963334366
"10550_8550",2.29381056171085e-12,2.43327809641466e-13,1.00773093165568e-09,0.0107847172212555,0.0011406357402668,0.00738060527830598,0.529787468120325,1.67892066995e-10,6.13513162765412e-09,1.73617658236815e-15,7.42868787452134e-17,0.442460099731727,1.99872280747135e-10,1.28901666659978e-09,1.1507937227329e-13,1.25990683161174e-14,1.22010346217624e-15,0.00844646510580905
"10550_8650",7.25318736344811e-12,5.33063570670667e-14,8.79835175287763e-12,0.00714860539268238,2.39951991763753e-05,0.0125924822380779,0.538210295261868,8.68923723803115e-11,1.29090424586773e-10,7.49544776002015e-14,3.20573316972988e-15,0.403779279026785,4.87397360853048e-10,3.88681130922106e-09,6.72631305360779e-13,6.22474694510015e-15,9.47167055858272e-16,0.038245338274356
"10550_8750",5.55777411617305e-09,1.24971445870963e-09,2.33469388938552e-06,0.0606073603890602,0.00572452457741644,0.0163014423437791,0.579858402187252,1.0142815386553e-06,7.82433543144319e-06,2.27787611233266e-09,2.26824166953313e-11,0.284821621373974,3.00522912734486e-07,5.5950218782365e-07,1.31594434177708e-07,8.26490031871287e-09,1.00119614538524e-09,0.0526744658239804
"10550_8850",4.17715416580251e-10,2.78288650075458e-10,9.45579258124167e-06,0.000639162233234722,0.0297739690630784,0.00881951491418434,0.646168614296826,1.33199103016853e-09,5.34904435414368e-05,2.62534380738992e-07,1.11483519454741e-08,0.287755139638204,4.60417087046097e-13,1.96883642310059e-10,1.18792248235628e-07,4.73407842115119e-07,6.9482000606622e-05,0.0267103035095813
"10550_8950",2.96854948035231e-06,4.16571299424754e-09,2.22662417742572e-07,0.0155323099304643,0.098849216627492,0.00209178287547063,0.438282416616087,2.38152692251819e-05,1.48718452994661e-09,7.13803023325267e-08,2.70878182402142e-12,0.389213493372174,0.00459120244605886,4.87072113085771e-09,7.7642190141421e-06,2.843848478791e-10,1.75261628841732e-11,0.0514047252235759
"10550_9250",1.09760782239386e-07,4.63285945181116e-08,0.00108260718894956,0.0705719490594683,0.122117105424388,0.00932923533190817,0.54550866788292,6.75181577638705e-07,0.00253031884091606,3.56855836630879e-11,7.73394815216561e-13,0.20690481202436,5.3228088024445e-09,1.91475509782506e-06,1.45573873826896e-10,1.92549193263618e-07,4.48939194057802e-06,0.041947870775062
"10550_9350",1.79651015148568e-06,1.8429554322432e-07,9.704540265699e-06,0.035115523570303,0.0317135209784519,0.0220925814801276,0.586205498809708,2.27872969057224e-05,2.60801622721435e-06,1.41632889344534e-08,3.05665692931313e-10,0.264836679779623,2.04581741694266e-05,2.68534944623012e-05,3.97334925095909e-08,1.41345183626765e-08,5.29961826737507e-09,0.0599517294174781
"10550_9450",6.93043860763995e-09,8.72673971071341e-11,2.38430454700773e-08,0.0325705039505756,0.00207610519214632,0.0224604756879672,0.566246099537859,6.2715052040369e-08,3.84926722160727e-08,6.37036855846745e-12,3.2971300609058e-13,0.319642811640489,6.30721844688443e-08,1.46325183689048e-06,2.12525958974322e-10,2.07383895814167e-11,1.75123538546468e-12,0.0570023453567503
"10550_9550",9.96020572174735e-09,3.01533818445892e-10,4.18925421432635e-08,0.025919657687471,0.00119590920265381,0.0352389190444241,0.582475240492291,3.19006349328341e-07,8.84586645931408e-08,8.70457552549153e-11,3.0913894062028e-12,0.293871156213737,1.34163875046137e-05,9.10060936088052e-06,6.24624595181875e-09,1.50901436454757e-11,3.05214576652918e-12,0.0612761343887366
"10550_9650",5.91985959451028e-10,1.95034223395672e-11,1.70349802767499e-09,0.0205173849218913,0.00081692666048516,0.0145768546073978,0.613904122284299,2.65297482325205e-09,4.27363995128606e-08,2.76362283062731e-13,2.45562726526395e-13,0.319553121517549,8.05355267642506e-07,6.89694920338059e-08,9.60701709028353e-11,1.83549991829073e-14,4.96100614744382e-15,0.0306306678826412
"10550_9750",1.09317905070914e-11,7.71806063618971e-14,6.21700812711606e-09,0.00744321641777539,0.000491315347085779,0.0146507278061224,0.569026755339455,1.67958303116214e-09,1.08033586368956e-07,8.19002833996108e-13,5.87030648266051e-15,0.35903570192905,3.87616701719548e-09,6.54732077348733e-07,1.42471666098639e-10,1.48990212598408e-13,2.15423664600325e-14,0.0493515084676129
"10550_9850",2.29261458274853e-08,3.49225624602239e-10,1.58877304651759e-08,0.0118115838881186,0.00654778560511927,0.0619778104522867,0.548448741326298,3.60053011046049e-08,4.88065043892525e-08,7.88727163856674e-12,1.72227529423812e-13,0.332378191566931,6.91844261473712e-08,8.27983996205861e-08,1.08133320425743e-09,5.68945754398008e-12,3.52544553627656e-13,0.0388356101080789
"10550_9950",7.72644854675893e-08,1.67484137293245e-08,1.48787029708783e-08,0.0170679393547636,0.00313093390184462,0.00696937809506985,0.551352037527713,1.91643117223757e-07,5.11593896711428e-08,6.30839558473243e-11,6.4457921518586e-12,0.380265255892635,9.78084177457749e-08,2.76936012022577e-07,3.99694682823226e-09,1.40468109090736e-11,1.43791340752669e-12,0.0412137247074743
"10650_10050",8.06499009235428e-07,2.39040711091795e-07,7.64475483763725e-08,0.0150704898982825,0.00787322748459731,0.00529265238798634,0.554030139792101,1.85438800213959e-07,1.49429095837796e-07,9.84538036960178e-10,3.55809048869344e-10,0.383221888253588,3.8657328375785e-07,1.82069972608386e-05,2.72863221840167e-08,8.82839992083206e-10,4.91031047574047e-10,0.0344915217571957
"10650_10150",4.52001797098861e-07,6.18829766198401e-08,1.11252293337488e-06,0.0478276902147296,0.00617255957816519,0.00672615179940395,0.543571132106507,1.0373295254193e-06,1.25283343336629e-06,1.93466925220999e-09,2.2222177853464e-10,0.346298965462349,1.69803579468654e-07,0.000255454040139391,2.89912443666767e-08,7.86594222678421e-09,5.8640507850664e-09,0.0491439155463327
"10650_10250",1.04373664324056e-07,4.68389861861229e-08,8.79019695544611e-07,0.0730796852764049,0.00349182876114537,0.00288847282689205,0.52622796141881,5.83496024971266e-07,1.05165298259454e-06,4.1940324470404e-09,3.99707372304764e-10,0.332213320757363,2.81015167645724e-08,0.00105771571666307,8.72024100000309e-09,1.3370481198339e-08,9.18539098840285e-09,0.061038285889998
"10650_10350",1.76771707829791e-08,1.33948296875223e-08,9.7786779228303e-07,0.0480854430716187,0.0126852505966719,0.00412724332336066,0.567694448538743,1.3389724590019e-06,1.03872663940756e-06,4.04755186973949e-09,4.42448974129658e-10,0.320196172259184,2.2261533713714e-08,3.56607078455368e-06,6.45843411205544e-09,1.45294855616844e-07,9.73534535573187e-08,0.0472042136424681
"10650_10450",1.816239321574e-08,1.07869349980966e-08,2.66292138369955e-06,0.0330632276533811,0.0306813486064271,0.00553593172794671,0.578695859185933,8.89427943607935e-07,2.78277717470056e-06,5.86229076831863e-09,6.21703242327301e-10,0.306686628795576,4.60570171889161e-08,3.25424095051552e-06,4.75894807240532e-09,9.06716503900669e-08,5.02131325486408e-08,0.0453271875292128
"10650_10550",5.10314719262376e-09,1.89084091403701e-09,1.66467588294961e-06,0.03068478748219,0.0277075052351282,0.00347365243845324,0.553784900656452,2.97776268309294e-06,2.21670334345039e-06,2.92356962963668e-09,1.75964320088727e-10,0.343527183617137,8.07229677923876e-08,8.82066813991983e-07,1.07048535044717e-08,4.92814127372586e-08,5.00247594856566e-08,0.0408140285344006
"10650_10650",3.55197371311085e-09,1.31315411121943e-09,1.07028867273114e-06,0.0202466507675826,0.0397708276735194,0.00282042669506042,0.553339928470842,8.42357952086534e-07,9.90181243561887e-07,3.06271543593613e-09,1.4149083283057e-10,0.350189193783877,7.63945992549977e-08,1.22010403186665e-06,3.31904032405045e-09,2.36340181027885e-08,4.76164973151658e-09,0.0336287334985765
"10650_10750",3.90770426423996e-08,1.1829264531816e-08,2.57857369747081e-06,0.0491174528301009,0.0057074603996005,0.00289595918964206,0.578311758949807,6.9374888252307e-06,4.51292567384998e-06,5.94544670648805e-08,5.36354441466789e-10,0.296099882786039,9.92534577289045e-07,1.07968285787092e-05,4.06016406746179e-08,7.62365549943286e-07,3.05316884113e-07,0.0678404483122542
"10650_10850",5.65667575458042e-09,1.78389847697967e-09,3.62050141650985e-07,0.0278850396362254,0.00668187902486868,0.0023371340005228,0.537737314562573,5.36520573020794e-07,2.32796473485114e-07,7.43413515334799e-10,8.59231470344138e-12,0.376933465820732,1.01335791595392e-07,9.15836789189639e-05,7.70178347449985e-09,2.47617977762393e-09,6.28399618945608e-10,0.0483323315742372
"10650_10950",2.84274758744384e-07,1.01221054270564e-07,2.34809408275008e-05,0.0273648185546616,0.0533606680363354,0.00755512179991212,0.560400737676061,9.36775610936408e-06,5.08074037985621e-06,2.14103762266858e-08,2.96539871907632e-10,0.307721720721768,2.2367353661582e-07,7.39815474017547e-05,1.98560475736392e-08,2.02092954880022e-07,2.15675884300198e-07,0.043483953725391
"10650_11050",1.28857175074327e-08,1.02970333055399e-09,2.30464679247669e-08,0.020622047061116,0.00361890373928658,0.00256474418625976,0.514542547441222,1.72095548750587e-07,2.72495258239414e-08,6.64055391131056e-11,1.23979916832988e-11,0.424056375581078,5.77548052876355e-08,1.64353104528034e-06,7.21958780064977e-10,1.07539243693588e-10,2.81808652372718e-11,0.0345934434617414
"10650_11150",1.89393250391324e-08,1.0053373772826e-09,1.09502701039111e-08,0.0153644619039667,0.0092419227479267,0.00459911882430723,0.540398987493941,2.46913726830405e-07,1.12847707700357e-08,3.86081104194238e-11,1.82173693652998e-11,0.389475815791863,2.25603435644539e-07,6.70198720748854e-07,7.22949160612805e-10,4.47547244565427e-11,1.99917042647237e-12,0.0409185075158809
"10650_11250",1.77788056716184e-07,3.17849162134456e-08,2.14162232033072e-06,0.0263083290044779,0.0086296827785378,0.00706337459349322,0.626367316688521,4.74885600852399e-07,1.13449536383395e-05,2.36148900571979e-09,5.14416720391344e-10,0.259973026435339,4.28679642578092e-05,2.99269772005778e-05,6.10928065777598e-08,2.79914532419657e-09,1.55405781298425e-09,0.0715712362017247
