"","05 OB-IMN GABA","13 CNU-HYa Glut","34 Immune","32 OEC","03 OB-CR Glut","33 Vascular","31 OPC-Oligo","30 Astro-Epen","09 CNU-LGE GABA","06 CTX-CGE GABA","10 LSX GABA","12 HY GABA","02 NP-CT-L6b Glut","29 CB Glut"
"0",1.12554724231453e-06,0.0858250995360667,0.0765100685953181,0.0446227071483165,0.00112550299507254,0.707160217809214,0.000211495645927762,0.00896069771217488,1.6782925780896e-07,0.0244814932514642,0.0424461423009691,0.0080316615808372,1.75693501232238e-07,0.00062344435463773
"1",0.00192517170708093,0.0882453181663827,0.0238804065892822,0.209161996636014,0.00049163057402089,0.00149526323357155,0.00557661938788963,0.411015853132079,0.00672257991719159,0.0038588016545696,0.0719720941616742,0.110079219677366,2.59000858641952e-05,0.0655491450770138
"8",1.87231968826293e-09,0.0167017545153703,0.000438537344591374,0.733883226690481,8.84721335221995e-08,0.000588093818695738,0.154489346591822,0.0550286663851396,0.000137608219155404,5.27515810051097e-05,8.96653325222069e-06,0.00317412525903507,0.000380465649279525,0.0351163670677203
"9",1.4102265170645e-07,0.162512853829493,0.0473545722707852,0.0240331640087392,1.16503856137772e-08,0.746330843852233,9.34812060855013e-06,2.79427200762936e-06,2.51833622978963e-07,9.65048210856526e-05,7.43474137686142e-06,3.31110015825644e-05,2.84041528410337e-06,0.0196161281601433
"11",0.0406692860581116,0.272771118220848,0.0659854363911253,0.0675057138557852,0.0162373687405498,0.00363720399775221,0.0843833093276248,0.253830641791025,0.00647545328964681,0.000127256367053543,0.0347314609182933,0.0561195703904756,4.50906497121479e-05,0.0974810900019965
"24",0.000162374420432265,0.116476167284178,0.0429998871676121,0.0329023995209761,0.00311992234497912,0.729375777037864,0.00189465247022415,0.000462191456823611,1.7229768541326e-05,0.0153725671263456,0.0308871961486956,0.000164600664187715,0.00481635041395886,0.021348684175181
"25",0.127905839635162,0.299304456813522,0.00133101851146476,0.17460822295708,0.00527659560086972,8.02304361847908e-05,0.0104459166239616,0.118089583385264,0.00897335805398987,0.0663669053189273,0.0637509400284021,0.11357134494772,0.000349777021973913,0.00994581066547822
"26",0.0483859261692876,0.242010683153503,0.190203551913038,0.0633415052402605,0.000210260461192693,0.0484319358878969,0.0316096285051728,0.129558066477845,0.000831093408618282,0.0147141611556875,0.0542517281344264,0.108197525953748,2.59845783315174e-05,0.0682279489609918
"27",0.176273082601484,0.0807287428660827,0.0175471900738362,0.00226526482717529,0.163222083742992,0.247014461124711,0.00488329487197142,0.0121431392564581,0.00790159828370446,0.0379159333520963,0.0485741178569268,0.133454793767684,0.000274448704287011,0.0678018486705915
"28",2.81340739205508e-05,1.56361428838357e-05,3.98822833778466e-06,2.83013286961915e-06,4.30212813144607e-06,0.701789727033702,1.18326468884662e-09,7.84491498622863e-08,1.55198221103186e-11,0.0569431132793356,5.34124007542543e-07,9.74172439368872e-08,6.56530381180572e-17,0.241211557791633
"29",0.408397059468909,0.00241310650633981,0.000942748617425209,0.00099042396610735,0.00015541029734485,0.000968595391469564,0.0217396583648509,0.0281813851358635,0.0773175190851255,0.0212775131231704,0.3482385830701,0.0882463999397318,0.00013728917071278,0.000994307862848963
"30",0.226817926999965,0.142401201549434,0.000873883172325824,0.00115438320050405,1.48938616752033e-05,0.397125453940483,0.00725855631072119,0.0409531059230956,0.0509604357913602,0.0259651696194931,0.0651725237507722,0.0161626100297723,0.0029515621831795,0.022188293667219
"31",0.000124321397472564,0.287635824186011,2.03167216032671e-06,2.69075819841413e-05,5.64544029838122e-05,0.609839912224402,3.76595780872879e-08,0.0907935821613114,0.000710708592179283,9.35558823347736e-09,0.00387664264254609,5.24146477674761e-07,2.83033775453895e-07,0.00693276094352951
"33",0.000500201566693215,0.181556550838137,0.0555831020125376,0.26777927896719,0.00230887098156243,0.117745032934882,0.0243302203669721,0.25687137268976,0.00844288161297657,0.032348212556846,0.00208072104211003,0.0460440167209473,8.32183248535934e-05,0.0043263193845323
"38",7.45765753590892e-07,0.0263915843621589,0.00823116933974269,0.00212202493922306,2.20118408151012e-06,0.000947989549371875,0.000524648022589472,0.923959357918854,3.17739108008225e-10,5.40785996451831e-08,2.19034386229548e-07,0.000262412005922152,1.90918685920011e-06,0.0375556842947183
"39",0.140632675173629,0.272702362746286,0.0149904407294083,0.246502159170572,0.000162067716884284,0.010297614605654,0.00180903889452588,0.0308312342152932,0.00782046125219683,0.0835206590229279,0.0444984383731676,0.0991168703865035,0.000979549868721608,0.0461364278442305
"40",0.248213912882687,0.0572710848557361,0.00266213450585985,0.0518342274815947,0.00710123367495531,0.187852576815177,0.007189618491799,0.100377830080309,0.0271464765326243,0.0388876460608136,0.0949562952909395,0.0798251530233876,0.00310229724722128,0.0935795130568958
"41",0.49189016346748,3.20779855750985e-05,0.0011716006859572,0.000691696549164387,0.00066039302616703,0.000229999037107473,0.00264539803722198,0.12878968479169,0.113434042459137,0.0828984257737208,0.142879272203605,0.0289223929727534,0.00107006900388025,0.0046847840065407
"42",0.222109573378021,0.0276460984620614,0.000533819666043844,0.0124871427735464,0.222228020851765,0.0343160349623399,0.0039928308613748,0.0620378760248022,0.0698945305178133,0.0615580507647998,0.102451388100784,0.124414514331115,0.000429838168618064,0.055900281136915
"43",0.308716645557907,0.00625936723084438,0.027954273142107,0.00345300553630012,0.0595430423511073,0.000433334020966365,0.00198125352070382,0.0695935306977689,0.016936958873198,0.086344723129574,0.154611611456992,0.211472899156728,0.000576927792317006,0.0521224275334862
"44",0.362667313022219,0.00011263468468557,0.00227314342955572,0.000143723974334625,0.0669227257386154,0.0137875521996564,0.0063897051134172,0.0102135642385743,0.0536087521850584,0.0782754276173807,0.195434451965209,0.126553638872482,0.000193922457557841,0.083423444501253
"45",2.23918628296728e-06,0.0095752158981375,0.00223778104751121,0.000179731325791132,0.000821003207907744,0.246585491186262,6.69992617431261e-05,0.6901145721542,0.000106477902310596,6.25640768979902e-06,0.00427650946174433,6.43577290021986e-05,0.000141213391655595,0.0458221518397616
"46",0.340490020681039,0.000896934611833091,0.000185679922486213,0.000211308981154819,0.0785714775587416,0.21425274356849,0.109813748860029,0.00323049539447897,0.0579160132685179,0.0557801763538826,0.0567793839326281,0.00317592808034408,0.000410170634427453,0.0782859181519477
"47",0.196089138234861,1.22602845331407e-05,0.00561409930980056,5.34442946458375e-05,0.00168401729815164,0.309403554165106,0.0021763689659522,0.18673476248712,0.0645934574893982,0.0705919084774389,0.0623899275145786,0.000518582765876244,0.00155812424648298,0.0985803544660549
"48",0.246399484775942,0.0527902893323402,0.000294782123073311,0.00968370709033466,0.00151992117698538,0.000301290063501771,0.000820404102046724,0.127916167566713,0.0406338442798646,0.107775456261788,0.129599250608993,0.274082811746162,1.36334047736907e-05,0.00816895746748207
"49",0.105227812271585,0.337102150003668,0.00211523092185518,0.16106952393219,0.00893738991627339,2.70102172024786e-05,0.00177639647990556,0.0508735188728498,0.0168601378767507,0.10111373097252,0.011231325020736,0.197411955547461,0.000311743269009866,0.00594207469799322
"50",0.0573433670837261,0.123602211957233,0.018017785192272,0.00106607521538349,6.44661014407528e-05,0.383965739633629,0.00267052623254131,0.000190245974440861,0.0025010726785451,0.0111991231476951,0.366170637429999,0.0320049582754312,0.000292528322144924,0.000911262755517634
"52",1.21935601446636e-08,0.156788143458268,0.0168824815952612,0.370616354720515,4.97008254850694e-06,0.188590346343525,1.5640940749682e-05,0.193111885159573,1.2516440979026e-07,1.52860392866215e-05,3.27002157866868e-05,0.0687732277063609,9.80855692980871e-08,0.00516872829458578
"53",0.000258332017405121,0.144292059607501,0.0751094397481087,0.0223183756497478,0.000345193944225483,0.560937288440993,0.00202334236065452,0.0456416414402928,8.81978796948706e-05,0.0315171465714325,0.0506892851382683,0.0667765852523585,2.72911737022707e-07,2.83903758032336e-06
"56",1.22096418429348e-05,0.00016251428097995,0.00994752722390034,0.00182214103906217,7.0637039159656e-08,0.0012713264240418,5.57857299943452e-06,0.985576921386633,1.91476482768806e-05,2.1547265983931e-08,1.23576165396695e-06,7.5648288248094e-05,4.53219915304032e-06,0.00110112534890308
"57",0.278445816016213,0.151568981689114,0.000598647589072226,0.0619627499937123,6.13265409892059e-05,0.000843796813962237,0.0155543356553798,0.0724107847190034,0.0169485497645706,0.0448428767703034,0.201769997509705,0.151661030347186,0.000708447509043862,0.00262265908174428
"58",1.66686774233927e-08,2.60453612891774e-06,0.000883713534558656,1.09451588228895e-05,0.000192001041139351,0.664203644498547,8.60608232785967e-06,0.179278332849331,9.08039368485206e-09,1.52431685546706e-07,7.24141752400915e-05,1.24938703015067e-07,2.04068071796209e-06,0.155345394323726
"59",0.191682289609562,0.000833281202401877,0.00556826734305853,0.0129641687040356,0.000434208808632385,0.20761312771724,0.00159607221560291,0.110673614814768,0.0414867139512669,0.0754905799649589,0.167001256803767,0.0484571701105358,0.000183676606593069,0.136015572147577
"60",4.13417678343692e-08,1.58732321548271e-08,0.000781544277760355,2.13492756619405e-10,2.2180266348423e-08,0.84184095012651,2.91327905809473e-08,2.10222706008414e-06,2.01183850159107e-08,5.1246811089615e-16,3.1717253347475e-10,6.27957069143761e-11,1.4429198584667e-11,0.157375274114337
"61",0.370922178106924,1.21028460788654e-06,0.00282882486459341,2.96452242080538e-07,0.088754459428646,0.000218588576384606,0.00296019988414303,0.0106509963212816,0.105036283603312,0.0547800429528261,0.228849922315578,0.120157730088204,0.000280110774975682,0.0145591563462818
"62",0.160734233886189,0.00284052598820943,0.248089260720279,0.00404900137912516,0.367489817195603,0.00237143549618611,0.00788977494978326,0.0994672993284526,0.00258038469956266,0.0471059444425193,0.0307983774453171,0.0147329088405054,0.00200389567718997,0.00984713995107844
"63",0.209642638249351,0.0317674668509366,0.018284736313924,0.0144094730812675,0.121538119363611,0.00026832776875882,0.00267760143742725,0.286892141538405,0.028066936765303,0.0339925071183459,0.18174279629337,0.0641076804738785,0.00225425393125923,0.00435532081416187
"64",0.0270594511733219,2.72320540290117e-05,0.35964208189679,0.000877908004146236,0.187154331512473,0.000153370306205989,0.00377075539508948,0.365977133857097,0.00358010934129906,0.00980604187883637,0.0287564262422245,0.00543264944619518,0.00757497496107224,0.000187533931219363
"65",0.101687374799037,0.00129047815264193,0.00090827703911315,0.00660999157347243,0.0426933798692658,0.000271510254641922,0.394511668821012,0.127985125966176,0.0312864694801962,0.0203587420040312,0.0236546573862117,0.227919444811945,0.0182157859261808,0.0026070939160743
"66",0.366081570844265,0.00120563246878686,0.00313636867196589,0.00152748433252085,0.133436483434825,0.000718475218305104,0.000609160885917226,0.25762897414041,0.0421949476540899,0.11129434993428,0.0408819562566095,0.0382108641630502,0.000155935458267631,0.00291779653670649
"67",0.356917310693059,0.000582436265664109,0.00150416153233102,0.00105427293105711,0.000898750071096792,0.00162938749205212,0.000620979520157583,0.412965071851745,0.0728943546510515,0.107475653408236,0.015014358747737,0.0159166223932746,0.0122127392503701,0.000313901192168526
"68",0.00023121622865308,4.58902283921785e-07,0.00461350883503275,7.20697738925273e-05,0.948230543439981,0.00145599071451786,0.000600536143472195,0.00141709148489989,2.1337634038272e-08,8.48551010864349e-08,0.0001491874945642,2.53440773475288e-05,0.032597942958347,0.010606003754273
"69",0.241745399597159,0.00133118012678022,0.000672828049132604,0.00160962852111132,0.477712176424025,0.000101114126738883,0.0114867329065324,0.0188656014106679,0.0725871173114705,0.0404575643041718,0.0275389224211233,0.0967312765221834,0.00186498946440761,0.00729546881449622
"70",0.0643560567422586,0.00168497150777524,0.00721247348902938,0.00365393057188847,0.507699946852331,3.18858136195997e-05,0.00199939251918738,0.0126332545815896,0.00574189164739732,0.0586382665444906,0.158737827271966,0.17186660975328,8.15025854789338e-05,0.00566199011970781
"71",0.321740122166417,0.00403409886279653,0.00310440426082985,0.0879805909286579,0.000327952507234261,0.00136708927968569,0.011414742819889,0.234209300338603,0.045118493567093,0.0484933757641998,0.183902633120071,0.0340072471545586,0.000749330317819683,0.0235506189121454
"72",2.70250771226479e-05,0.104212633697202,0.0063547001012521,0.0055185415199282,6.78874322859153e-07,0.793466157051606,0.00491326200896817,7.4623151585593e-07,0.000197114175990983,0.00998678935007426,0.00697979438652553,0.000774654135824778,2.05380065716633e-06,0.0675658495890098
"73",0.252197230001298,0.0301052239015666,0.0496005894576449,0.0309114360655486,0.00315892330680347,0.0288417752414174,0.0128608373190331,0.000228408982047034,0.000552653646239925,0.00420585307950061,0.066558724843178,0.442636683600619,0.00442002927053795,0.073721631284566
"74",0.326448617456992,0.0112349874699861,0.287738562084867,1.04163393240204e-08,0.00137470747432293,0.111281164840706,6.19754286233415e-07,1.78480571961028e-08,0.0282684210004496,0.0995914557545498,0.0966603451788177,0.00104896735458836,6.39134764156073e-10,0.0363521227269031
"75",1.86155732032733e-07,0.0474080861631992,0.0462333506591982,0.0016094095203939,1.96125805897892e-06,0.409453933956642,1.41895812834747e-05,0.393137184591928,6.64029589995062e-08,9.02669268913999e-06,0.00203541736321458,0.0233916396632771,6.40966998107366e-10,0.0767055473504568
"76",0.0053598479709811,0.330767750693949,0.000758644829708919,0.42159000014998,2.55124106987843e-05,0.0125798761506468,4.06450551514482e-06,0.0152065900620403,0.0481299552189693,0.0708048311586353,0.0429303793386454,0.0486116538685955,1.15965155467766e-07,0.00323077767647949
"79",0.626021807515981,3.1990563910737e-06,0.00988429467942898,1.46690730510651e-07,0.000301143682659701,3.378071948044e-05,0.000957364466861647,2.85437908968573e-05,0.0963410998474932,0.131995405911059,0.118709589267884,0.0109371140474352,0.000205545995918621,0.00458096432777929
"80",0.081650896284919,0.286279312870243,0.000878972679637761,0.266671208778882,0.00305745756485483,0.00010494024798884,0.00250828539865928,0.0795166067424823,0.0121347735847582,0.0749617433943517,0.0440248503187796,0.144982187091805,0.000704211109880571,0.0025245539327584
"81",1.63530142928867e-12,0.0684967639279678,3.12075427714475e-07,0.0657936946454633,1.49867345357125e-09,6.92931364306046e-08,0.865665735026983,4.00090378602859e-11,3.72907905317135e-08,7.49420731062184e-09,2.12803101845016e-12,1.01294879899473e-05,3.26480108302928e-05,6.01204758107483e-07
"82",0.367533822831578,6.06696366601304e-05,0.000443131785035061,0.000197200412600992,0.000267461128116962,4.41700616378392e-05,0.00411846785767621,0.0405969367782337,0.0436146570547588,0.0469498515133669,0.105640965291587,0.374807969137935,0.000805597972272797,0.0149190985385401
"83",0.47398587658147,2.10139758637744e-07,0.000641224141136479,3.08237831529702e-09,0.00328186091747692,0.233439173978575,0.00150398422061679,0.00135360603362123,0.0467395501280592,0.0467243620283408,0.158905113272508,0.00120885605218552,0.000165443812385127,0.0320507356114884
"84",0.229714153245333,0.00158019245772329,0.0667577945699389,4.62007222422192e-05,0.100331490476779,0.00485465633888908,0.000936850426548738,0.0104827478613474,0.110441000646523,0.0682840746718173,0.0737905304862686,0.292029474322172,0.00015822683413985,0.0405926069402772
"85",0.000127480928352255,0.000408626024060946,0.00116271017400552,5.51564439475971e-06,0.976126526197881,0.000155437189485609,0.000603418263790193,0.000212093311550326,1.55544374677941e-06,1.01930467076191e-05,0.0183544580262037,9.24215829481096e-05,2.47944596706438e-05,0.00271476970720242
"86",0.128154118516927,0.00567872577445758,0.00986041511320202,0.00980478142770861,0.409564034232225,0.0023823632559887,0.00752103267611221,0.298792526277083,0.0220830377796201,0.0201257074546937,0.0270191666392461,0.0448761632380897,0.00689052177999275,0.00724740583465383
"87",0.00396217917427226,4.73430291678615e-05,0.00254751007668549,0.000695319703515112,0.50634665965234,0.278765880117218,0.000125920073354352,0.0796024923114901,0.00330820842807205,0.0701815327086421,0.00262466497076699,0.0062927983946509,6.6957907856695e-05,0.0454325334519689
"88",0.258717504506591,3.33484247344901e-11,9.51433438340046e-08,1.1137805437535e-14,1.46490792205173e-06,8.06756968869436e-09,1.06968989446598e-05,1.60431954594525e-07,0.00674406860588827,0.732005877277534,5.21817199599368e-05,0.00240363707380701,1.84842503523089e-07,6.41204906210657e-05
"89",9.3321688716904e-08,1.0878610766463e-07,2.19988825095566e-06,1.91669195055477e-11,0.995450353114083,4.51038854541665e-09,5.21939056442012e-09,1.12453629463011e-12,0.00373742152285362,0.000761580206432138,4.38413557617566e-05,4.29005137756076e-06,8.85872366685704e-11,1.01914786817499e-07
"91",6.68929711753457e-05,3.46551271793757e-05,0.00116172146382251,1.06612565339395e-08,0.647133046725906,0.294071361624986,9.43336607312085e-06,8.05712983733296e-06,0.000172983384676719,7.74228214603473e-05,0.00176410494340114,0.00012890234401529,5.47324529556466e-06,0.0553659341909144
"93",2.61064472435488e-06,1.02164469322394e-05,0.000262551633722432,0.0108680271579528,3.69588993554391e-05,0.0102263098705117,0.00197814786480679,0.916512356393378,8.28537886224645e-10,1.21827269363671e-07,1.14203319637375e-05,3.20185100319142e-05,0.0494255392132314,0.0106337203775824
"94",0.916195766104292,0.000809720813267271,7.31568245644303e-07,0.0198133401626696,0.00119925209152158,0.0271975659429257,0.00244871255038508,0.000291439148475823,5.64976553165838e-05,0.00532493845049774,0.0148517081062575,0.00898579681949259,2.8431363440934e-06,0.0028216874503087
"95",0.213965081938234,3.24536895241441e-05,0.0147571207844143,0.0206749456754043,0.00169859788122603,0.0126318203746071,0.00891601799066517,0.541881162521008,0.0814392900066425,0.0206394521919727,0.0757260181718833,0.00527795939445814,0.00101422016643248,0.00134585921352766
"96",0.199416670412881,0.0611662737656732,1.42894342919705e-05,5.4599957498424e-05,0.124360118051298,0.00114440258155154,0.000550305429495796,3.63324609223686e-05,0.0583752750094926,0.100554248115324,0.393138234120271,0.0608451269459042,7.6220980227719e-06,0.000336501617372371
"97",0.382305403669391,0.0413790394436275,0.0059248008488428,0.0931483669059369,0.0395465118885294,0.00408999200617681,0.00356817012748871,0.0332222553775165,0.117958735822222,0.077581542530779,0.159059008361776,0.0201721612068159,0.00193878237705799,0.0201052294338404
"98",0.135891577162533,0.00658528304867896,0.0011056763426622,0.000701187942408688,0.304834674643726,0.000844941488263501,0.0167120883472481,0.0121563903934144,0.0858326533416671,0.0673247649123145,0.156597048732109,0.205439512383548,0.000568147460479615,0.00540605380094644
"99",0.305536329626793,0.0364313355706257,0.0485730645222829,0.0132025510575336,0.00134228377573937,0.0323541773451308,0.00573688230414152,0.279182133860576,0.0165910920702076,0.0896172191812051,0.0968923765400183,0.0437772000520676,0.000108189304702169,0.0306551647889772
"100",0.107656360435531,0.0997717454062211,0.220018609214636,0.00752433145809419,0.0890813025013644,0.0139717425187641,0.00192251200291029,0.104116502664942,0.0173623005449415,0.0666612992261109,0.0668229148621104,0.167914176979148,5.57447310891087e-05,0.0371204574541373
"101",1.47636687415273e-05,0.299432259025182,0.0483039498270772,0.139867211988646,1.50532968277521e-05,0.00954794266661275,0.000982304570559196,0.384394442861993,2.74465821457422e-06,0.000299513903993959,1.42782985519216e-05,0.0538385940003015,1.45385860537621e-06,0.0632854873746937
"102",0.00789013958647196,0.284944994856791,0.214307300911074,0.125671785481394,1.08661696381534e-05,0.145459098261143,0.0358087721655182,0.142791416420418,8.01229598810521e-06,0.0175932406000138,0.000266650545138197,0.0233757049913975,0.000581220229038406,0.00129079748597497
"103",0.140614893262094,0.0136512313650741,0.00434218757947531,0.00681218691069566,0.000560772489723034,0.00572296656588785,0.00245744149664896,0.571956320040614,0.00557665136268164,0.0746555830800038,0.0923176130148372,0.0757192679756074,0.000444409065319333,0.00516847579133757
"105",0.347265289950628,0.0670467359015311,4.37241699776334e-06,0.0501372950928098,0.000115770881464294,4.73881754801004e-06,0.0013417157847569,0.000708564839492897,0.00875465369201614,0.0518064633258959,0.00162799133019751,0.457093431931902,0.00194562289306606,0.0121473531416931
"106",0.137579164332317,0.00286925585239984,0.00255749841523898,5.88469752171348e-05,0.0136997107430646,0.167157803061073,0.0627045842348757,0.003472317142952,0.026919272649834,0.0488135043852293,0.477098089062196,0.0255272514096438,0.000189134026628716,0.0313535677093296
"108",0.336530464922477,0.00229450900135623,0.00021544166921073,0.00400897046600272,0.0984000313423548,0.00226013224953261,0.00274730599015157,0.120773543998056,0.0231169057587994,0.101332969771996,0.187339652526103,0.113308959869925,1.49522895323542e-05,0.00765616014450248
"109",0.449333726215168,0.000678122229130359,0.000192665558423444,0.00101147710869953,0.204828512595009,0.000124538874274158,0.0115214322148367,0.0272777586656089,0.0297004047961813,0.0871210538760355,0.140114364918346,0.0389684913315161,0.000359314513368046,0.00876813710340317
"110",0.14141860248751,0.0120944928082709,0.00105557759338725,5.08690796077341e-05,0.407029448535606,0.218972050132922,0.0375399542401173,0.000899372139750801,0.0336698028509938,0.00734462723160969,0.026500565665399,0.0676116297103767,0.00089698871640812,0.0449160188080409
"111",0.888452894339805,0.0139874450649248,0.02468058544865,1.0204191425136e-09,0.00116799281748324,2.1190860923544e-05,0.00040224087778188,2.64472541470469e-07,0.00213907696678738,2.69882006298626e-06,0.000275597301647498,0.0635302569866079,1.264790621013e-05,0.00532710711615502
"112",5.22306074127115e-15,3.19147049313823e-06,4.12998219287227e-07,5.19280178183764e-10,2.73059132108669e-11,0.591122469703125,0.375257002906087,1.01840840108708e-06,3.91997279667302e-13,9.45031100913077e-10,3.41543523741269e-13,4.66943752765633e-12,0.0215523153568975,0.0120635876597512
"113",1.85148809484684e-08,1.1477534923535e-06,0.0152161807280222,0.0584140543523092,0.000165270331339177,0.0131027688375787,0.255962984445107,0.652950760251294,2.31774776950764e-06,6.32817873266297e-05,2.90650924057685e-05,8.50555801564015e-06,0.0035116172149824,0.000572027385476814
"117",1.78780685204463e-10,0.000765240147542511,1.90458854147589e-10,3.72428536978537e-21,6.07269914630224e-14,0.965322344308316,1.24585568490384e-14,5.13021429218239e-22,6.5665856752852e-12,1.92830719378603e-13,5.53227813959333e-18,4.6339841471148e-15,1.33946373793138e-17,0.0339124151680651
"120",0.67774034984969,4.86144908931677e-05,0.177802055268467,0.00132889056752646,0.000427242857431737,4.16640243996938e-06,0.0011846771778762,1.26632368199231e-05,0.00385286815453929,0.135784044171426,3.48197740262736e-05,0.000503126844683005,0.00040181485535542,0.000874666348825382
"121",1.91104203158688e-08,0.000199289878725159,0.000971660651384792,0.0208102157627516,9.24708044247218e-08,0.0890107996255021,0.263330219186556,0.523396827511958,9.94370144443931e-09,6.07779888029682e-05,3.61822224255686e-06,8.87164331369504e-06,0.0920056298387369,0.0102019681650998
"122",0.0142326637072448,0.000105142678877482,0.300263499120315,1.03658582889984e-06,4.40689165157834e-05,0.285386343194019,0.00221125547780806,0.0566580720536408,0.0272620073305038,0.279754493989448,0.000509672294779899,0.0147340636753015,0.000455292111915442,0.0183823888638024
"123",0.608500739529142,1.00973302044145e-05,0.000822985055847074,0.000169217461117077,0.0208770530644343,0.0235451872609013,0.00131853055406073,0.0590622327109504,0.146430252703995,0.0715064793981492,0.00921399114450856,8.35858994070146e-05,0.00634371039571836,0.0521159374915643
"124",1.03611478428412e-07,0.000156788968761497,0.00170210801435276,0.033553965835242,3.74155785118257e-06,0.00335949325872058,0.355219603486172,0.604513168830982,2.79894387215242e-05,5.70486838351164e-07,9.43849031853091e-05,9.54021765666252e-05,0.000563554856826033,0.0007091245743021
"125",0.512109665284958,0.00102410596913016,0.00232366443386877,0.000706428623076222,0.255596740635642,0.000554883868321983,0.00468306052367174,0.00768503693805251,0.0298925100005694,0.0304055440705664,0.0645720021084628,0.0804989592959882,0.000673868580448322,0.00927352966724298
"126",0.0452784105420909,0.000958944926571801,0.15504637028577,5.4542288214067e-06,0.351041112333588,0.0316815977356203,0.00764185089325744,7.19986043215552e-05,0.00838188866202855,0.0370285936341981,0.228672759133183,0.0644584939838457,0.000365859782191611,0.0693666652545126
"127",0.0328275218796998,0.00610808740017587,0.00143693806811705,0.000290573934911737,0.00212125499597975,0.043941876523949,0.00336729328654248,0.493516055194254,0.00975089466325083,0.091860958728563,0.0321937065230728,0.237017274161631,5.10326340026235e-05,0.0455165320058499
"128",0.0749559686674554,0.279066833268062,0.0731511249595518,0.0456696907048579,0.0956505122923422,0.0808388512350219,0.0169230189038033,0.0622128036902137,0.00493939448112799,0.0497325635349709,0.130169770677849,0.0548592162089333,0.00236025394641554,0.0294699974293946
"129",0.00663732250257622,0.157439399032863,0.154453019077886,0.000421885355246842,0.0119665753636354,0.637392604650977,0.00194595986458145,0.000335044607045457,0.0261780805824748,1.10562460017262e-05,0.00272302075507671,9.48320486310745e-07,8.18828468632419e-05,0.000413200794286615
"130",7.1569831299427e-05,0.139826522491901,0.096916282691448,0.0725355926162559,7.59178854298886e-05,0.476618626071852,0.00133012491225746,0.126733743449818,4.13427186758113e-05,0.00568222578059883,0.00459489383587675,0.0531432268065408,5.20136618793279e-06,0.0224247295418581
"131",0.0346345172844987,0.357238918393807,0.0349025571863738,0.181048841675703,0.0176166380289407,0.0095393328595646,0.0018725055094187,0.283821302198032,0.000326274993626654,0.0161353316261032,0.0298589392483704,0.0276074541023491,0.00072795434617678,0.004669432547035
"132",0.138698101197031,0.0394725594761796,0.295563270121823,0.0162090226092035,0.000248796924620111,0.000750982855470946,0.0105971468303558,0.121345697074428,0.00352194611591176,0.128269105139464,0.146099237061071,0.0579189500563446,0.000211074084043593,0.0410941104540524
"134",0.0803316048625137,0.117746137885002,0.000190815549957124,0.0174198604514417,6.95011284980101e-06,0.0466291494231913,0.00795464721914542,0.073940720628866,0.0516397483326705,0.0821019333055971,0.189676568985985,0.273824754917998,7.0040868637377e-05,0.0584670674561454
"135",0.249298548197118,0.00538796548124591,0.00485984875694908,0.00404482419074986,0.0502894695122321,0.000171266738525768,0.00102077872608083,0.149452523904605,0.042863622949111,0.0896409999378879,0.198047180678439,0.193405406450172,9.16031963097653e-05,0.0114259612805733
"136",0.438701116934798,0.000126441345995317,0.000760594471110159,0.0011048883777312,0.0273322335998136,0.000303508732579335,0.00311193292724402,0.0401430111664162,0.179988095242305,0.0515657715837359,0.212368784792828,0.0134669120445925,0.00267366437003902,0.0283530444108119
"137",0.345969015745298,8.69255285219146e-05,0.000729169964283544,0.000310779598559882,0.000327582155606284,3.08043897276577e-05,0.00354681263978028,0.0566545913896786,0.117914663006566,0.117594746143189,0.278677856559469,0.0560541733476692,0.000210785602671721,0.0218920939289785
"138",7.67281379634613e-05,0.00180026273544215,0.00244520394997392,0.00971547696372187,0.168865104235082,0.0010748142079122,0.00021100171287421,0.796184672416455,9.248561541465e-06,0.0128023796528681,0.0050799206092826,0.000944001853751379,0.00033168037383316,0.000459504589298588
"139",0.106831329817694,0.00422571522954858,0.00198067246045805,0.0011334545835024,0.159296523466008,0.339459125037482,0.0135517093601497,0.096571239389214,0.0425113375868708,0.0760457834100588,0.0207027897590433,0.0229425001838683,0.000507225083923399,0.114240594632179
"140",0.145770076623035,0.000264871942808957,0.000259322863044597,0.00151541215908178,0.00361379488133015,0.000596768152274439,0.441923403432357,0.000131027703559266,0.085402463529989,0.273354320368707,0.00743232787515487,0.0394573985758939,6.10490353031394e-05,0.000217762857460246
"142",4.03747650416652e-08,1.65542355690648e-06,0.009868639799785,0.0536599029633306,7.72134087586386e-07,0.0546959669497872,0.000273139161665117,0.877488540435923,6.23538391117675e-07,3.20589177829975e-08,9.83574009230764e-07,3.95603939385451e-07,0.00217298268839172,0.00183632529345072
"144",0.167410993919769,0.000235487153230814,0.00130192367781917,0.000353235025417694,0.0146755019177205,1.22965945264856e-05,0.0117030403161636,0.00557966188516213,0.0787630506802881,0.381928081552139,0.0331190500242112,0.258879866092022,4.64507160669723e-05,0.0459913604454624
"145",1.8757054313151e-12,7.365077893244e-07,1.20906830318548e-10,9.47001876633841e-19,1.08130212924148e-08,0.985139052271298,1.28589080629949e-12,7.34625862167558e-14,1.04722862075265e-13,5.438068213945e-15,3.86160852843576e-08,3.40912247067352e-13,7.85017961387725e-17,0.0148601616672133
"147",0.141336292314991,1.97294578111054e-08,0.0165967101722945,1.26209752888905e-05,0.00235081493438497,0.00010684125416115,0.0144557163121269,0.0354375149353125,0.120696427652121,0.429239395539156,0.0146067981873739,0.196423881248113,0.000629321438294635,0.028107645306925
"148",0.355773086779251,0.000189916948913529,0.152653339521307,0.0128245546613935,0.00794276826760602,0.056428847836964,0.00509669059592511,0.329314641728066,0.0200225712467024,0.0324044906492921,0.00281441939979454,0.00448316088722563,0.00573394779856425,0.0143175636789945
"149",4.42591852423212e-10,5.14501659222595e-05,7.33230570759908e-05,0.0410058750834258,2.02196060435852e-08,0.000222423664301349,0.000170058042596483,0.944320139208348,1.40954944590962e-09,2.9270400496144e-09,6.26930535690692e-09,9.57993218297386e-10,0.0141566981431602,4.09083905063416e-10
"150",0.651919511618314,2.3651833849802e-06,0.00275319972187473,1.33203619301386e-05,0.021351604665473,2.6961687660588e-05,0.0164815682862467,5.60991464555305e-05,0.0301391435828531,0.254357602304824,0.000384350886244201,0.0114270408562267,0.00016055192737318,0.0109266797711392
"151",0.909642665524907,2.96253354514192e-08,1.47950134057916e-07,1.20979104155989e-12,1.44227399772023e-09,3.38161174927092e-10,2.11761147971719e-05,1.32303167330059e-07,0.0828141638246744,0.00742939434344981,1.90889498519581e-05,5.30616861434446e-05,2.0069240079018e-05,6.86558151317044e-08
"152",8.65830229060459e-09,1.76170361137766e-06,8.51244104865896e-05,0.00119350331819552,9.35643670302442e-07,0.000156608398758832,0.000739793278257089,0.975022891737077,6.77633978412507e-09,6.8925285976952e-06,3.67282569229721e-06,2.37137017362458e-06,0.0227858889851785,5.40365658564284e-07
"154",1.51996712635874e-06,4.21518886241136e-06,0.0167997676825174,0.0743904533290621,1.39580709633342e-06,2.99081428070564e-05,0.834050633670262,0.0719469005277922,3.58922017050331e-05,1.48180862183901e-06,0.0014764424265253,0.00115690536827472,4.02604189746079e-05,6.42234603730313e-05
"155",0.586723928057016,5.28603137839112e-06,0.000796012298446512,0.0344537266083246,7.87022971754274e-05,0.00021850572851011,0.00279616657513291,0.352769520273118,0.000212200109431001,0.00586827162954192,0.00423626144107656,0.00754127495719511,0.000820283397682156,0.00347986059597146
"156",0.269322220029634,1.31747473020176e-05,0.230387619436248,0.000143603818013772,0.00335279508495046,0.000103691669622323,0.0961154610116266,0.029483354846556,0.0652988775355193,0.00894481624847835,0.204539724755406,0.0693117378925792,0.00881074182915794,0.0141721810949063
"157",0.643282088467483,3.34690113014138e-06,0.000701919761208805,0.000413859921026264,0.00391964682875659,0.0412463394139547,0.00422926546195797,0.00125908037119379,0.160683804282074,0.0332529501690151,0.0801274117474289,0.00301714206566653,0.00138137091285943,0.0264817736962447
"158",0.417495363675554,0.00175320565197219,6.09231263131338e-05,7.01113487206919e-06,0.247910942973636,5.63944809609484e-06,0.00983883274786787,5.81532747038101e-05,0.0758763950821497,0.0218389646703148,0.133892500711465,0.0636621445255055,0.00431791860570106,0.0232820043718492
"159",0.119349572196563,0.142411669463672,0.00799385031122731,0.0454564083345102,0.00408508175909541,0.110820117624846,0.0218408638422864,0.00680575261530081,0.00768400202038745,0.0699724568493409,0.089803238499867,0.3264475367948,0.0003248305603743,0.0470046191277289
"160",5.05052692054771e-05,0.194096938905498,0.236884716307988,0.00219045247537469,9.51857734112106e-05,0.45264773214037,0.000154965629229207,0.0911727771322789,8.85761683906354e-06,0.000733841620541547,0.00403456739228155,0.00422376307934651,3.3439232284922e-07,0.0137053622653136
"162",3.2500107383295e-06,0.0649919362994812,0.0819450989520621,0.332837682211511,1.59971720261785e-06,0.163435065732482,0.000126168770624836,0.287712875984158,0.000422111761318704,0.00071214462990853,3.28690143757729e-05,0.0391368130921475,2.75527672601734e-06,0.0286396285472627
"164",0.228038306122526,0.00328815190384774,0.000394743983300803,0.000851517385606748,3.84758294795803e-05,0.00758400748157629,0.00164647758975735,0.0685842460892326,0.120660003435009,0.153321253859235,0.284607553692278,0.101060101727053,2.60088195725385e-06,0.0299225600191416
"165",9.144437267002e-06,0.00546030049506326,0.394185929410328,0.00106454592396683,0.251881398927122,3.41856598059219e-05,0.185414792130797,0.00422691571198533,3.93058252538295e-06,0.00539797252944919,0.0871944242921572,0.0595022677295639,3.80884295616975e-06,0.00562038332701325
"166",0.41236041735663,6.32823984369139e-05,0.00391406216598295,0.00909897935221423,0.000322641167717253,0.0840810373627822,0.00386147706736126,0.0606874421031952,0.0749302911829463,0.0272760802341257,0.233459967038723,0.0118960068799471,0.000988525369067841,0.07705979032087
"167",0.314108396285246,1.09474709002603e-10,9.94433120525875e-05,1.01834544224959e-09,5.90098249068347e-07,0.546617702102845,1.16050347871257e-05,1.600028660528e-06,0.109359494787368,0.000364157568561909,0.00667467453516943,6.24369840847291e-05,4.09406413781374e-07,0.0226994887287416
"168",0.0248730324681026,9.81945602205936e-05,0.000122362419860423,8.07275339534695e-07,0.00102772687948892,0.496559035748771,2.43998161768924e-05,0.00667401901833326,0.0804952868177705,0.0624698453567794,0.0275876476704337,0.225024064917811,1.48982813134935e-05,0.0750286787695988
"169",0.475655852709319,0.000788130529952539,0.0105700388373833,8.15156686505156e-05,0.312235947087658,0.0124483949031533,0.00910928908238541,0.0265484043118918,0.0357422588589187,0.0327687751088423,0.0370241702553981,0.0388361607774894,0.0007866330017934,0.00740442886716446
"170",1.35324191078876e-08,0.00356406911735037,4.04762131768176e-06,1.21842790204073e-07,0.182654351923809,0.751739553253764,7.38492191683502e-08,0.000559087711719424,1.91886916700746e-07,4.36902919674009e-07,8.74392473056746e-05,3.20139390670003e-07,1.73900627703e-07,0.061390119070451
"172",0.378876174389465,3.03965863913733e-07,0.000942679169173967,0.0366555267872257,3.88021541034943e-05,0.000599481990848861,0.0078405304301313,0.47516205600873,0.0302347399807105,0.00259644133409061,0.000170794151905756,0.0511520495427629,0.00425401197998739,0.0114764081150001
"173",1.34113713909632e-08,3.95398885846295e-13,0.00107129425738425,0.02034183155152,1.6620280263434e-05,0.000528623185922374,0.0011320937986455,0.971421336116434,2.50246747262544e-08,9.7458148475197e-05,0.00046693666922161,5.72952875132698e-06,0.00477871837611884,0.000139319650822174
"174",2.81025291490631e-09,9.61524331346094e-10,0.757753219319356,2.01471590290916e-05,5.83447618633097e-07,1.29993145962471e-05,3.61173417757547e-05,0.237741925061583,3.59921699145489e-10,6.22428334520528e-11,1.97295097232273e-08,3.28863313369618e-07,0.00442918837564244,5.46719363367163e-06
"176",0.0791354739025996,0.000528055255894116,0.224906287151187,0.0115600700291876,0.00868932406201469,0.00509573940129268,0.270168993915437,0.343576350162857,0.025801389360626,0.00690818608330879,0.00631917951237497,0.00396153724120018,0.0114102604914811,0.00193915343053944
"177",0.570538675680691,0.00214356306382793,0.000586129945940671,3.03674071435775e-08,0.132481580687863,0.197477747650471,0.000380512284506913,2.70603756243745e-05,0.0628998093443314,0.00248505169400185,0.000353233864351014,0.00105182934961219,0.00539296809654745,0.024181807594823
"178",0.742658655216447,0.000174056659615926,0.00100982841773806,3.60314798912535e-05,0.227075523319258,1.2922063559752e-05,0.000708918251550253,1.131717037274e-06,0.00944464768279209,0.0130902810412476,0.00107469958926094,0.00424389053722451,0.000306518255886634,0.00016289576849053
"179",0.453079787376198,0.000602471452447132,0.0041030428193173,1.92081585051088e-06,0.422835854581107,5.3010194750407e-05,0.037721343390841,1.45256946845433e-06,0.0403747838180551,0.000483741048171806,0.00525146588031833,0.0076020392761178,0.0247271613522274,0.00316192542513027
"180",0.901845466529578,0.000203133645726935,0.0037862806018603,7.11916091337519e-07,0.0554321139259656,0.00241643668589053,0.00189678465819113,0.000110176198181452,0.0164353912348656,0.000589646807708486,0.000645406814815761,0.00466001470767532,0.0111392262041083,0.000839210069341257
"181",0.861592289690277,0.00403820011221224,0.000711758460262781,1.89888516245251e-07,0.099951479792792,0.00266860000177064,0.00138536967160631,1.68223054640808e-06,0.0110456865611944,0.000820228885930005,0.000768122946557471,0.00998190354368577,0.00256901334554299,0.00446547486910564
"182",0.78543352127461,3.67851855901857e-05,0.00601907743233238,1.38820322261019e-06,0.181717186256523,0.00324266626748967,0.00233041630809096,0.000320796383571083,0.00427172042767078,0.000210344842919207,0.00445509209478053,0.000699364217922866,0.00711843184453987,0.00414320926073666
"183",0.677921730972053,0.00286489439825252,0.000122309540005815,1.59787842258901e-06,0.246860005431611,0.0018177818819855,0.00150631645446645,1.65442358369327e-06,0.0444559945526646,0.00442691722800235,0.00153283014547034,0.00158189863298734,0.0120246024254198,0.0048814660350751
"184",0.804232056523917,0.000224005509338288,0.00287982122421248,4.21701419672356e-06,0.156141809649746,1.26961475700799e-05,0.000557976975524162,5.36465537110888e-07,0.0224297881876669,0.00782498611716027,0.000423699444262519,0.00408727039547992,0.00102958685713971,0.000151549488249072
"185",0.812347557907015,0.000244280488732866,0.0066332877322168,0.000147339164181848,0.131865218149506,0.00165409266768748,0.00212049955699935,0.00294265415316191,0.0299660764142133,0.000291569508048324,0.00125940322724665,0.00173373035553739,0.00604453587019011,0.0027497548052627
"186",0.720045555778034,2.35723913261225e-06,0.226971961122365,4.60886793377484e-06,0.0361188865076992,9.81580313410443e-07,0.00088853508383514,5.77056456876625e-06,0.00662422769370283,0.00163302484387141,0.000193476453640369,0.00575972961937672,0.00146229681312603,0.000288587832400059
"187",0.0260537724463877,0.000163756182901946,0.0123476581235897,0.0646915095850241,4.52762749613813e-07,0.00022169306746522,0.688026731988774,0.165871871566891,0.031331174031747,0.000368525297591966,0.0086646235759273,0.000302726377047064,0.00195255547039807,2.94952350533814e-06
"188",0.907765406009736,5.13160793261772e-07,0.000988223539095009,2.51379524322399e-06,2.21393962276619e-05,2.22641686657895e-06,0.00116695753387655,0.0102950025569223,0.067220813890204,0.00979145105953928,8.04973893130454e-05,9.56362508054111e-05,0.00243385724655429,0.000134761754823507
