"","iNeuron","eNeuron","Olig","microglia","endo_mural","astrocytes"
"0",0.0110583344298661,0.00566702924085083,4.28593359446318e-05,0.000198611824898207,0.737215439747975,0.245817725420466
"1",0.0784145376933981,0.0551960169396337,0.00484867736173917,0.0123620410363297,0.403646760148914,0.445531966819985
"2",0.0330986605886202,0.037700150912815,0.00228201488844438,0.0499580001722336,0.172762348978033,0.704198824459854
"3",0.100274291505057,0.0916256150206192,0.00191738885094348,0.148073053346278,0.099152950566273,0.558956700710829
"7",0.049403655177848,0.48588099660334,0.0296575681468936,0.0896310589368109,0.269272594705079,0.0761541264300286
"8",0.10101885962922,0.290926111504659,0.0162748228033197,0.0782613956476805,0.265614411378736,0.247904399036386
"9",0.0729453689267519,0.406087969595594,0.0668061574497597,0.089249850650241,0.188985087534545,0.175925565843109
"10",0.117900022922405,0.449528253873648,0.0366593778071571,0.0940698512483447,0.127500248001499,0.174342246146947
"14",0.0646784562033046,0.559438251968216,0.027412275160377,0.117236096896075,0.11686739275809,0.114367527013938
"15",0.0607706578325002,0.516203794094511,0.0253838495562522,0.0853064491847022,0.16765801437411,0.144677234957925
"16",0.0401538756672904,0.579655471264726,0.0331923552974882,0.103682907721367,0.122966242945847,0.120349147103281
"17",0.0488688675174738,0.514260175671282,0.0233784204442447,0.0884538052146785,0.192324893357032,0.132713837795289
"21",0.0296009042202974,0.561814118663872,0.0282605610947372,0.107271116068868,0.12093822692636,0.152115073025865
"22",0.0381335575089391,0.61837487131414,0.0277059080997009,0.0932522789051058,0.133106605564676,0.089426778607438
"23",0.0528671228442051,0.573152147987026,0.0263675214948627,0.129396404816762,0.108338075923816,0.109878726933329
"24",0.0282242547428437,0.679894826272475,0.037189547304365,0.0587465323320258,0.112939369206457,0.0830054701418337
"28",0.0300140799457705,0.477331284908755,0.0328554455762543,0.0751313926694088,0.0970113904856099,0.287656406414201
"29",0.0423551972307905,0.523338757397653,0.030660060401016,0.0897964097163297,0.154967454306434,0.158882120947777
"30",0.0359619401186371,0.564947030222949,0.040320567967118,0.060438298586942,0.177821973775763,0.120510189328591
"31",0.026815292429082,0.411832317384677,0.0111782289955217,0.0211559283744494,0.418146207834813,0.110872024981457
"35",0.0427683044481708,0.551017751212887,0.026627572585809,0.0528121418286772,0.232951427392387,0.093822802532069
"36",0.027334979729992,0.623765504971003,0.030501822181775,0.050978866556567,0.125433266009856,0.141985560550807
"37",0.0215676935434939,0.671529023219266,0.0227005634317326,0.0690601286185328,0.0749422932268829,0.140200297960092
"38",0.0161881016171603,0.469093539704855,0.00857165911741079,0.0221661436813637,0.0297227522675002,0.45425780361171
"42",0.0422036319347974,0.559266771300897,0.0161120622784096,0.0599442922848047,0.0904000798822538,0.232073162318837
"43",0.0313988919142235,0.573780492099174,0.0296905924315748,0.0534629558301101,0.10774817250968,0.203918895215237
"44",0.0265862960119826,0.591421997139609,0.0250911184227476,0.0422634859656814,0.111674017288647,0.202963085171333
"45",0.0274563911058085,0.578820967172405,0.012973393375271,0.0301120805304482,0.145802178981441,0.204834988834626
"49",0.104667891408017,0.606750794266888,0.0270564986455139,0.0686913204085477,0.0729756656049285,0.119857829666105
"50",0.105532577948529,0.502221422740655,0.0459359314636599,0.100093449834337,0.133167324534396,0.113049293478422
"51",0.0865379130013215,0.481032814681629,0.0525953267021796,0.0406302875283029,0.216065346609451,0.123138311477116
"52",0.115409657221039,0.625493988267439,0.0248102858047357,0.0214294868718907,0.0408403471477601,0.172016234687136
"56",0.0422393616078765,0.596115507923153,0.0271909449191649,0.0523845160840613,0.128995895768725,0.153073773697019
"57",0.0738156127127274,0.623142720400755,0.0471447198138217,0.0558819652541994,0.0792729818046871,0.120742000013809
"58",0.0664474625638378,0.537709591360898,0.0202106743998678,0.03748937558248,0.0553509773234318,0.282791918769485
"59",0.121451559460117,0.636204022566887,0.0301196288284131,0.0398356215274063,0.0454819088126869,0.126907258804489
"63",0.027486802224049,0.666687146104937,0.0272512874358334,0.0634096840650705,0.123345052818519,0.091820027351591
"64",0.047343994073763,0.65674745859929,0.0231091780681399,0.0493867760009635,0.0711582879190606,0.152254305338783
"65",0.0366566952915342,0.650766605045468,0.0244567440459886,0.0329876526837162,0.0837259006803032,0.17140640225299
"66",0.110262728866852,0.698320133520957,0.0211308806045604,0.0391334093653957,0.0345897665400538,0.0965630811021808
"70",0.0347844645811346,0.623211871068852,0.127675161507123,0.0543953618798816,0.0692467790354582,0.0906863619275508
"71",0.0427423348284756,0.445826272561065,0.0186627399925069,0.0295852256009846,0.337956077695821,0.125227349321147
"72",0.0304855264707389,0.553368042151651,0.074238733671979,0.0359342398380237,0.0657432708947317,0.240230186972876
"73",0.251589115670841,0.36128431014678,0.0409963158048001,0.0605699386078718,0.0991634217235721,0.186396898046136
"77",0.0687057901486513,0.616709504419766,0.0278826975925837,0.0592800158817515,0.138338129698028,0.0890838622592203
"78",0.0520340748515082,0.533923220123212,0.0211838731185822,0.0727856333341128,0.217625908837985,0.102447289734599
"79",0.0499610772699929,0.721323055448384,0.0336950019815291,0.0723520648786971,0.0794037346448266,0.0432650657765704
"80",0.018602183081836,0.63701246775578,0.0229439343966427,0.0468688168632963,0.066061175191536,0.208511422710909
"81",0.0430987142007762,0.585816107656701,0.0509111980974144,0.0446305592201845,0.1907566764061,0.084786744418824
"82",0.035780325051796,0.740912379574169,0.0208156658349905,0.0604724833032019,0.0512558142379688,0.0907633319978739
"83",0.0390774571083558,0.578097023976083,0.0341431238068907,0.04147358977467,0.0303484894087799,0.276860315925221
"84",0.0400481180095021,0.55124427035579,0.0631989918686169,0.0606131767817492,0.0654298170500461,0.219465625934296
"85",0.0818122400843569,0.504183155327578,0.0306241977629862,0.0481257549943087,0.138699555089186,0.196555096741584
"86",0.0276224587245696,0.639679376390953,0.0654213490593124,0.0625528446867265,0.101211523055817,0.103512448082622
"87",0.0286708583893433,0.537667841699084,0.039883802504461,0.0693272448021519,0.126896632507188,0.197553620097772
"88",0.0964807721355754,0.541652610604997,0.0319607015136355,0.0565211663366505,0.114304374985256,0.159080374423886
"89",0.0789207644169162,0.53538187405501,0.173092222929902,0.0583830090058731,0.0960642144533619,0.0581579151389377
"90",0.0364954665499288,0.697688007075799,0.0259934032415913,0.0458892382817711,0.0778972052926912,0.116036679558218
"91",0.0274412619955302,0.454810038828686,0.373123363325717,0.0146021577337514,0.0385866485641738,0.0914365295521419
"92",0.0567616974270792,0.600933258477027,0.0468944394592256,0.0724393572127981,0.144735788753045,0.0782354586708242
"93",0.0287924846774486,0.496122515539409,0.0224939586637921,0.0589235237081424,0.0711685240564202,0.322498993354788
"94",0.0437680786462975,0.512774843794016,0.0704827389152143,0.0546095211297242,0.152317050883655,0.166047766631092
"95",0.0331338339898162,0.557651328460586,0.0969770414048526,0.0540484126765553,0.0717751960736557,0.186414187394534
"96",0.034822189942,0.535426603781124,0.0250154427982138,0.0759299318627571,0.1912464000403,0.137559431575604
"97",0.0316412648988533,0.598656611900502,0.0183803997259335,0.0358819245667139,0.0370999500138288,0.278339848894168
"101",0.0300440950274227,0.311040310984664,0.0548250670724732,0.0414351969820011,0.346894920604718,0.215760409328721
"102",0.0578426544258826,0.425677009769784,0.200950003213421,0.0397776336296753,0.0976682166771853,0.178084482284051
"103",0.0389147424011407,0.404105511058607,0.233334451906119,0.0231370602370452,0.0781155515061592,0.222392682890929
"104",0.00159631421760269,0.00195393708135331,0.00497619274067318,0.000343410779341629,0.0943301494969256,0.896799995684104
"109",0.0263101768517035,0.0600395034964172,0.385180978999206,0.00303231510737616,0.0632544184448477,0.462182607100449
"110",0.0448369198027663,0.138159875288361,0.726092387244587,0.0282068960443433,0.0350506002427152,0.0276533213772278
