"","Integument_atp1b1b","Neural Stem Cells","Brain, Spinal Cord","Epidermis_egfl6, YSL","Pharyngeal Arch, Somite, Cardiovascular System","Epidermis_evplb","Epidermis_tnn","Tail bud","Pigment Cell","Central Nervous System","Optic Cup","Central Nervous System_ntn1b","Blood Vessel Endothelial Cell","Hatching Gland","Erythroid Lineage Cell","Notochord","Solid Lens Vesicle","Integument_pvalb8","Otic Vesicle","Central Nervous System_msx3","Musculature System","GABAergic Neuron","Leukocyte"
"-533_2335",0.00136220245751098,0.00396808223497649,0.0175556455298119,0.0502554683738435,0.104211471626186,0.00754763829670872,0.00345661499222993,0.00137255990593705,0.0500888723856428,0.00495398845532446,0.00110185699967856,0.00102719696383238,0.0274718256543182,0.0107533068353752,0.036200620717138,0.0099737602437862,0.000722438437528991,2.89776034888584e-05,4.11028670017442e-05,0.000113637956931521,0.638242092416451,0.00624954502351182,0.0233010940227857
"-798_2100",0.000348587968952779,0.000102885348754795,0.0460500965058226,0.00287908087105562,0.000247485885418437,0.00795104159803904,0.00296570542906112,0.0022855264060582,0.0125947523702764,0.790238525587685,0.0873340806518322,0.00616213283252264,0.000210271446563748,8.97807117477245e-07,0.0196393376284945,1.82573062638403e-07,0.0011982685695684,0.00155725172470882,1.32856762681333e-05,6.79581385842215e-05,0.00974985479010599,0.00583744852165662,0.00256534166839078
"-573_2330",0.123907736234923,0.0032830047868083,0.0119771737703121,0.104647465903121,0.0152072888185385,0.0732998122754297,0.0166666835416657,0.0117896955041711,0.261278351445377,0.00121827749511104,0.00363763752474093,0.000298372341111071,0.000431315215098493,0.0126799566974275,0.000236999054920636,0.0280311391905361,0.00320230121831191,0.0235086734128586,8.38239260123874e-05,0.0243067241785949,0.222740009922477,0.0170807835693458,0.0404867739731066
"-783_2120",0.00965155824964024,0.0542095656939529,0.0338807021731528,0.0229548699870442,0.00341495052958994,0.0788100346282466,0.00298429337418076,0.00105828564343837,0.00294300673975337,0.474255593893357,0.102639445339967,0.0103582598051244,0.0145546609920587,6.04828814969559e-07,0.0507154112491099,4.35270355760983e-09,0.0569674500146978,0.00014808629984116,6.27208853707456e-06,0.0445772408840119,0.0301595014751931,0.00110564813156459,0.00460455362601916
"-518_2235",0.0439197075352643,0.099422521628999,0.00662598797522683,0.0529723052975912,0.201747982132425,0.0684077274493258,0.000544371617076271,0.00243947768760228,0.101951002016712,0.000151470279199814,3.20399674319755e-05,0.00101004379854667,0.000775471232440843,0.00186217151140124,0.00258061429424361,0.0316759987248074,2.04172546920419e-05,6.38629508888778e-05,3.17950720692606e-07,0.0582247487143954,0.319066758355784,0.00591078194233519,0.000594219682890226
"-543_2425",0.00237637170137034,0.000598625117521358,0.000523511013792655,0.0254552306060187,0.298678124297258,0.0109415102730097,0.000790638305442219,0.0323848058936351,0.0562775591087977,2.77059308932474e-05,0.000219604606459621,0.000112376195378197,0.251175053033856,0.00136823691429668,0.135217543127999,0.0166011254840562,0.000335313391974298,0.00128533823824026,4.60245102928296e-05,0.00279271318437821,0.15420482540923,0.00242549281847328,0.00616227083762563
"-593_2280",0.0614470952150439,0.000200238374265324,6.81764207259248e-06,0.0476292464641202,1.30274926454495e-05,0.213625470723456,0.000798739659522252,0.00488338474397401,0.199057901402608,2.42942362951555e-07,6.0483824599093e-05,3.10919359859385e-06,0.0114191661166734,0.0376270631272253,0.000368346562283722,0.0570761062292529,0.00133094967262623,0.000857527425159023,1.61535765870227e-05,0.0173078058538474,0.286839944642401,0.0125559252821428,0.0468752538335318
"-828_2115",0.000464129125093956,0.0320743874953255,0.0158790834705997,0.0118252898714483,3.9332537246941e-06,0.0306964020600313,0.0105560736414377,0.00688579947620485,5.98931224064504e-05,0.743575125469645,0.0141852157412397,0.0204916601469801,6.99446110223489e-10,0.00962127875427929,0.0201153772867001,0.00156330766059797,0.0127534397770766,0.0203169743505997,0.00569462430387502,0.00900005677897688,0.017325502465406,0.0003149872197096,0.0165974578291957
"-613_2170",0.000491047330918923,0.0726468533481285,0.0833749877914298,0.00756052916888185,0.0225699450591065,0.023017048890324,0.000538408777072906,0.000177207547809392,0.0568941285749768,0.243746101722618,0.000156663644057454,0.0620978501558712,0.0492760171968508,9.42457161306360e-11,0.0425783748762208,0.0250608795445095,7.23056286874199e-07,3.5173075890751e-05,1.16947816331076e-07,0.0089407156718222,0.292012111708567,0.000969566168785626,0.00785554964780968
"-638_2080",1.46571775875697e-05,0.0524684472798159,0.0564685009691439,0.0480060426990061,0.0151700161467812,0.0438415480644316,0.000189867851988051,1.92760212703232e-05,0.00709795430045585,0.539646679681728,2.03915250926414e-05,0.00532349558039808,2.60020644760439e-06,3.53552689286716e-11,3.57788232067416e-10,0.00079382543408015,1.50777584932106e-09,1.92846066951699e-06,2.28822084903566e-08,0.13819496855305,0.0925823861325075,7.91278852219889e-05,7.82612471964997e-05
"-778_2200",0.000780389475074949,0.0182724116978033,0.236691475776282,7.93760500817374e-06,0.000733983739851401,0.00104094441465229,0.000125182747472106,0.00162212770307044,8.81179935137401e-05,0.562451574414102,0.000136460329817979,0.141526457712155,0.00536863517277316,8.27927202191782e-05,0.000530343068077868,2.69182643877506e-07,0.00011376648253882,0.0200477953478436,3.60222173942665e-05,0.000283083839408032,0.000897738175635583,0.0046006471961371,0.00456184298852506
"-743_2120",0.0013283419096535,0.049377267320071,0.325009076429936,0.000960529159249302,8.49115236611913e-05,0.00365154444856267,0.000261775642615867,8.28351096746009e-05,0.000794953323552439,0.542942455914967,0.000861915417172383,0.0429479637581924,0.00183593220766562,0.00103516616947825,0.0078007026240751,6.9970962041911e-07,2.20110984065572e-06,0.00851721906135702,3.59262372398895e-06,6.84030469535057e-06,0.00618030990147499,0.000421910420767999,0.00589185590999183
"-598_2250",4.30309184848524e-06,0.00199060624296336,0.0410170152788731,0.0337377493312517,0.0585955757649388,0.113273671018675,0.00032715908939179,8.15016301203186e-05,0.161504317426884,0.113995794961227,0.00360783229141757,0.00111412327921253,0.0198937075239356,6.20769625042749e-07,0.0657306470779359,4.08465898756034e-05,1.80306286102949e-05,5.80940186460222e-08,2.47111293066631e-07,0.0699896791067086,0.309361300678524,0.00546607281295653,0.000249140199712796
"-578_2165",0.0008452104498402,0.115216901096307,0.0517549684393069,0.000120244803691878,0.0362839427082477,1.6738309637379e-05,9.60192986084282e-05,2.64735573489296e-05,0.0333603995558645,0.000317017555382693,6.33918188093152e-05,0.000415007100904364,0.0536238948708415,3.50597373898509e-06,0.0246778498322385,0.000264176401852291,3.49289365565877e-06,0.00944485656063456,0.000488899155996262,0.0201324634227716,0.636362065050536,0.013787247236264,0.0026952339075213
"-568_2420",0.15007472651031,0.00569083684242117,0.00286981644156616,0.064193764355814,0.000103449779452398,0.0889243691516707,0.0437716817135154,0.0110638072864011,0.0953760672471917,0.000370120688719312,0.000445061723632182,0.000530493472385204,0.0437489373596718,0.0359934328450738,0.0542234915793157,2.57093643891422e-07,0.00328814309343377,0.256322905385687,0.00471171129865852,0.0504429772100759,0.0513312757555149,0.00315232593065217,0.0333703472351932
"-603_2125",0.00496777848303597,0.299591619712365,0.409401752866996,0.03403050332884,0.00522338192085367,0.0101240265927074,0.0030050787130779,0.00262398952096927,0.0661832142622144,0.157626719611821,0.00175876014147019,0.00211303594958495,7.35036908413956e-06,4.31801988302142e-06,2.77721820639965e-05,2.22372940540743e-06,2.12181455847922e-06,0.0020089110463379,3.36048608375321e-05,0.000749442904268173,0.00040296401283864,5.48625245845471e-05,5.65674322027043e-05
"-833_2115",0.00147857245250058,4.25532638232264e-07,0.038267581444163,6.63518358184248e-09,0.0118747878075306,0.0083911679326777,2.85466255808276e-05,0.0913416731521341,5.77349749383678e-07,0.53877239909314,0.118856056829606,0.0464198522937178,0.00582996984638709,0.00145517996756571,2.64694852878532e-06,7.22927119596258e-10,0.00132765934457011,0.0125613932665122,0.000283718279144676,0.0866679480200021,0.0364396354124334,3.3198100124495e-09,1.97723497975521e-07
"-598_2130",0.00886853860901929,0.718873125710053,0.0680300739028244,0.00175550707697949,0.00117639988007286,0.00688290391178651,0.00301690271076952,0.000277190450789722,0.0283389741075443,0.0257979792495475,0.00773646929985583,0.000433746504995517,0.00698963675438211,0.005031120146485,0.0215628744059112,1.50083052192603e-05,0.00879886899574416,0.0111378212048285,0.000249497996431246,0.0223196646689332,0.00910927963087632,0.0367664876575046,0.00683192881944648
"-543_2445",0.00709313135102237,3.34484612151141e-05,0.00412824660132659,0.00654421865875854,0.116446207707476,0.00914936200884106,0.0373330970260935,0.0109251649358629,0.0515466422917842,0.00475049527884521,0.16127179756655,0.000858962296363008,0.0790939590507813,6.84414919333781e-08,0.288892553860581,0.00122932208735585,0.0370431894223331,0.00313723101539259,0.000383073464022238,0.0205724210869222,0.14001332759761,0.000945173497216415,0.0186089062921546
"-558_2345",0.0988820389482328,0.0416270596438638,0.000355992692903277,0.000371678207554511,0.111796396136272,0.01394987723511,0.00100617018690768,0.00192260212871875,0.0988530495294169,0.000859904060228704,0.000564763440239215,0.0117370072494937,0.111715569924916,0.00589151227220401,0.0382698863623748,0.0267885649284315,0.00451127333748832,0.00720797464328852,0.00360417277045981,0.0545376641300217,0.322305473896902,0.00250110813742749,0.0407402601375448
"-748_2195",0.00521790856188632,0.0632372192883756,0.145385858750397,0.00401477416943071,0.0264392170949754,0.00339565538298676,0.000625889983772507,0.0922992217027699,0.00944732058207597,0.0340954210897135,0.000139902713924466,0.511662111497297,0.0323795666167085,0.000340585721618004,0.00439118514238326,0.00231645710433317,6.31207125121222e-07,0.0266918425508292,1.48883693412164e-05,0.0233933640096432,0.00454054873704964,0.00123191429266916,0.008738515430695
"-728_2100",5.41607002999424e-05,0.0362519759129996,0.329397097330094,0.00309726407484592,1.45797538752533e-05,0.0143415261971266,0.000485809192592006,1.44194439642727e-05,0.000369270306396811,0.594282346670544,0.000226674320927521,0.0107978424530848,0.000148281551302578,6.45836626842966e-06,0.00219869727821698,1.8480382830185e-05,1.47733564093485e-06,0.0024070606759866,1.80161082445997e-06,1.66791508228966e-05,0.00560815193732257,0.000237262605537433,2.26827484958329e-05
"-748_2230",7.15010347979999e-05,0.244514052446904,0.00634711657652783,6.15038974267045e-07,0.0709843000626821,7.50461101517851e-05,0.000219524218083055,0.000898692155730517,0.0319221174806951,0.135379448979733,0.0225835887459917,0.446249161780783,0.00160782236343991,7.20431220987913e-08,8.40660924466528e-05,2.69060921324016e-08,0.00474162757379238,2.73045030480149e-05,0.000625550036963236,0.000555842456227327,0.00537501978238691,0.0277338726650007,3.63094642690227e-06
"-753_2140",0.00156212633797638,0.00353768549309537,0.16686963370381,1.56586598714948e-05,0.0098775457550737,0.00151200785085125,0.000277665602228345,2.61775203878007e-06,0.00023431638473091,0.722861637106997,0.000188725569269873,0.0536664627782872,0.0258606795523615,8.20607889060243e-10,5.88896920092028e-06,0.00326316651659809,1.5356669917992e-05,0.009641565401376,1.27975536229564e-05,0.000523951171860066,3.12549019260618e-05,3.39922917469295e-05,5.26315655151315e-06
"-488_2420",0.0022658630634808,0.0749451323165746,0.127601963324828,0.0670572707806604,0.00105802413373157,0.11006710464331,0.00439482212521641,0.022646331412696,0.156946465744629,0.0279637221210554,0.0376590582113794,0.00399584568302986,3.46789342761515e-05,0.0180613571584202,0.0228774622568459,0.0589973026564646,0.00672440531316908,0.00126882190400222,1.29175121824041e-05,0.000331762811367822,0.239587997171876,0.00371627369167658,0.0117854170291269
"-588_2310",0.0960429017851793,0.0258743414411251,0.011162862789172,0.0940614329269379,0.000216193120964826,0.101071811626596,0.00404055812411813,0.00597516030268372,0.142378349597659,0.000119045749426665,0.000604778487741887,0.00341868338918947,0.0959575073641516,0.0161286162060578,0.0372365783821987,0.0179614959563879,2.33327154828877e-05,5.71177505992953e-05,5.04024143557906e-05,0.00269343502863652,0.273423826575119,0.0353978550422507,0.0361037132239652
"-628_2130",0.00093581814017934,0.357034070263381,0.0342217647514003,0.00100053036763424,0.344103554683815,0.000255429298677493,0.00075489530733427,0.00840019107070584,0.0180878065341715,0.0268795019601916,0.00104485289157439,0.0394519671583044,0.0389414061634578,0.000110886119647178,0.00872985498410687,0.02673078724473,9.51790802254499e-05,0.00927692595948077,0.000150612054785638,0.00055230207587146,0.0829878637393779,0.000192222291441871,6.15778595059532e-05
"-553_2240",0.000314664246138233,0.00293737382580998,0.00069244581400405,7.35604773619556e-05,0.184226393333936,0.00345138242334195,9.74950252301983e-05,5.80968338745877e-05,0.0674430535250891,2.26303605052504e-05,1.45768875438027e-05,4.51437574946285e-05,0.137271262595581,0.0092186440330544,0.0649069832839505,0.0542954016283599,1.72372135959033e-07,0.000462271251701957,4.34445407713383e-05,0.020388627512638,0.419921748976523,0.0231348788311533,0.010979748463802
"-543_2415",0.00365346850815182,0.0169082724307699,0.000266470804956849,0.00898461446713004,0.203945808969652,0.0167796569558385,0.00266647071820278,0.00160857830224517,0.0710326463222456,0.000121173420569176,2.58177861420486e-05,0.001973297963229,0.142044822472838,0.0010494425550182,0.127089799720229,0.0429676759016199,6.27375711600001e-05,0.0226288893294753,0.000769777567121551,0.00145736188930863,0.311561264328326,0.0034183651021414,0.0189835869136285
"-818_2175",0.000403403769814196,0.00168650335085982,0.022861716548702,6.49475694780147e-05,0.00739408555086075,0.0022650237632521,0.000207926703822383,0.0145040532035404,0.0040093505678458,0.765387286114437,0.0319346031480318,0.0884155706223738,0.00213247018018652,0.000322621045557905,0.00374595957823963,1.75352486072698e-10,9.94456509614252e-05,0.00978753725976025,0.000158791812702852,0.040789749248014,2.56159200642832e-06,0.0001109351340514,0.00371545741014914
"-523_2195",0.0130685572545356,0.203064923932197,0.0168518502876958,0.0334761313462349,0.0572297464023252,0.0636350659804413,0.00204144123697985,0.000669372627224986,0.0335659578793545,0.00059742257374691,0.000156430807992705,0.000297479771366328,0.0684526283235814,0.00290091249108006,0.0107074703969698,0.0372100014695234,0.000270878272470476,0.000125534499229512,1.33447708332962e-05,0.0154608285694281,0.424767907936626,0.0139405112452511,0.0014956019249118
"-653_2090",1.20461323998069e-05,0.000176641741968758,0.104849313897248,0.0831713505077362,0.0224682142667198,0.0338369291523858,0.00307825825543153,0.000716407465762723,0.000724215690435586,0.573255843003392,0.00143004422422785,0.00866338975341338,6.40948920386258e-05,0.00974272770766894,0.000106626998775631,0.0012700407920496,1.10425679536266e-05,3.56315117151565e-05,1.72097352459306e-05,0.154863145631466,0.00123935082646141,7.70176007578359e-07,0.000266705069495876
"-738_2210",0.00342961334105178,0.212908703433071,0.0949317033088268,2.43861265693164e-05,0.00841627920687398,0.0136846469465302,0.0028798390144938,0.0242876741553432,0.01805900030382,0.033048367795967,0.00115024397498974,0.464719977105296,5.4439052986209e-05,6.32484956816772e-12,0.018818239312948,2.98003655188099e-12,1.22144673875416e-06,0.0265537557420465,0.000172576351460257,0.0109867160136319,0.0445525431469259,0.0175759227928032,0.003744151418322
"-563_2250",0.00764332999638373,0.0811951036737085,0.0403243531089519,0.000602657754013866,0.0435573866759297,0.0221804991515778,0.000979929812099169,0.0446642884603159,0.175311819783146,0.00660285585255419,0.000339271908578333,0.000459655324988434,0.053787491738705,0.00962758907002259,0.00184768510656982,0.00313300602632095,0.000919297914320139,0.0313374142828357,0.000332991469442463,0.0122435371411718,0.447256964191671,0.0108135241803614,0.00483934737633207
"-573_2415",0.246589777971016,1.69627582886941e-05,0.00131911987828924,0.132699469104104,0.000659999120457341,0.191574164066618,0.00948301986732622,0.030367048395365,0.118934349557438,0.0020233558369413,0.00310043666631568,0.000609433591699995,0.0381492543494527,0.0273690912963455,0.0211583740210513,7.3295517420876e-07,0.0153188776244527,0.026888901626408,0.00760187271040581,0.0157970627803875,0.0988053946459178,4.10686769437945e-06,0.0115291943088506
"-553_2250",0.00605296451407889,0.0384558967576843,0.0586955579834241,0.000372406979370244,0.0155183379660481,0.0495427453113281,0.00379842068328827,0.000839540903253518,0.0461626300699861,0.000451959847271125,0.00164114450388113,4.68780869562069e-05,0.0808707107800757,0.0285080730570322,0.0911888673336464,0.0611354942235789,0.000651532833463507,0.0251716073653815,0.019201996841453,0.1229914825089,0.325627603262575,0.000140902436331495,0.0229332457509922
"-768_2130",0.00114176368024971,0.000861641707154309,0.0735113655993732,0.00258617127108532,0.000968216651553643,0.0401873244241417,0.0008024486579102,0.0394087244629509,0.0455630010822045,0.734736822870832,0.00206202136789814,0.0388794615923141,5.25460587458887e-06,0.00253968076919346,0.00409402949458861,0.000197898028228087,2.38682500500859e-06,0.00508791797266678,0.000165097900823108,0.00569661620096197,0.000392105715154993,0.00101544301746691,9.46061023689527e-05
"-493_2385",0.00563252693302759,0.0483332777791193,0.104620625047308,0.0600480814090418,0.00179311075518988,0.0623307510011159,0.00502571465803162,2.06671793079546e-06,0.205358971981827,0.00732894345360906,0.00169727698468586,0.00048337855653586,0.0105030897179114,5.73103323447214e-07,0.0360740368179879,0.016989007908794,7.31617699256382e-06,9.8873256653539e-05,5.93084562380861e-05,0.00461175030968563,0.419789996750501,0.00791545747115772,0.00129586475333227
"-613_2165",0.00444389104169474,0.0915573284713717,0.0764490313899907,0.00600704141262338,0.0501481001199168,0.0262977460991341,0.00919962824227191,0.00151351162427166,0.0720210770893227,0.00699056859709928,0.00239338770457765,0.00273366299071296,0.0247714436315454,3.76558117946988e-06,0.0261209228098067,0.0198430390908493,0.0010690689097883,0.00430739956500063,5.13507606676429e-05,0.161596437778911,0.369462438330509,0.042023894486866,0.000995264271888165
"-723_2225",0.00230104548567548,0.053098634119452,0.0257233706299363,0.038031530226231,0.0011143718774683,0.00699073062667574,0.00409951565379204,0.0216029366289145,3.43371744619368e-05,0.0831091098649985,0.0510271934857904,0.59759271685748,0.000572288603823388,2.25533333444057e-06,0.0439097590268652,1.75914382529145e-10,0.00171305561451825,0.0158102387049916,5.03766489060905e-06,0.000203773450685646,0.0529194436303314,1.79548048480313e-05,0.000120700358920669
"-773_2200",2.97241287899841e-08,0.00241453573541178,0.188366123209113,1.76213284833169e-13,4.91871865591819e-07,0.00029524393597775,2.36443725356614e-10,9.91145802673166e-08,6.17860559115028e-09,0.554809502957186,1.48244336812845e-07,0.245529041739469,0.00396840545155485,0.00457593564885836,9.52632585028032e-10,1.5256495296305e-15,2.31551433755618e-08,1.74820762910257e-06,1.70528226709548e-07,3.72636236184058e-05,2.18342416542726e-09,1.21999989126011e-06,7.30172513255168e-09
"-518_2240",0.126356680699242,0.00349382124877492,0.000724587678390183,0.0424586530861169,0.138362573148959,0.127645489202608,0.000113581105060216,0.0001381962938868,0.171857176347641,7.98206547597248e-06,5.90852628135356e-07,1.63873401936148e-05,0.0212873914483899,0.00436480639873334,0.00611034762202377,0.00880912920178797,3.06705823675874e-08,1.65362973078458e-05,4.92707666527441e-08,0.0831879995085901,0.262157270780415,0.0023236068196868,0.000567112912739309
"-758_2150",0.00135575763740736,2.59997331825156e-05,0.115065427882535,0.00564456202401111,0.00721905682960004,7.85371938253716e-05,0.00215060231273959,0.07181614840282,0.00473522612357762,0.648219493135651,0.0534961793152176,0.00213793602979917,0.000273638423014476,0.00279219001468507,0.0203203014221374,0.000133593472102733,0.00870391845144876,0.0126430260849482,0.00181396624229859,0.025139045563472,0.00646971882845157,6.30854928602057e-05,0.00970258938421457
"-508_2255",0.0231349467068832,0.112277554899104,0.0106333586885316,0.00251731477355057,0.0941285712994473,0.0605051206850006,0.000450313059528782,0.00234819199650355,0.18576893673626,0.000290140367239833,0.00046156834116348,0.000288298257870751,0.00714367433498881,6.24630296238381e-06,0.00757392075441172,0.0151563257964315,0.000271178966253241,0.00360319913625557,7.48753217019328e-05,0.0804384935940265,0.347808159664134,0.0422109479360821,0.00290866238166836
"-733_2230",0.00234425252428004,0.0533588847080914,0.164300745402213,0.0144405780798465,8.92367087303204e-05,0.00719207795914682,0.00235514302902666,0.00130797899847237,0.000901080736194363,0.287003791699943,0.000838831570070867,0.299457960854886,0.00568149356964167,0.00205019719873312,3.50950263904384e-08,1.78933763183975e-07,0.000282847593791868,0.0185587401107346,0.000230076770559705,0.122307426811665,0.0169523739737654,0.000259216642374508,8.68510290426157e-05
"-758_2225",5.79630128094137e-07,0.205894226127932,0.147874831331757,3.10553666175361e-07,3.49428458604785e-06,0.00281221696953023,4.81821989218373e-06,2.70188057557328e-05,2.78411367124368e-05,0.37415852441114,4.49968995692826e-06,0.257440890853838,2.78387353290952e-06,0.000302148252899128,2.397294308887e-15,4.3860459901135e-07,8.35723057012893e-08,0.00819003931772687,1.10775995748225e-06,1.45715367931666e-06,0.000511283746006712,0.00259192891191824,0.00014947679247729
"-498_2265",0.000326691333063137,0.262332864687137,0.0291838654835351,0.043383657273202,0.0441476052251013,0.0684130601883302,0.00772913372347132,0.0195709773371712,0.0680665614530524,0.00595358649013728,0.0166813533440919,0.000377637047415027,0.000161489133210436,0.00768424428267356,4.87118207911487e-06,0.0361358192448957,0.00404160613463142,0.00334113885702663,0.000834512113289107,0.00261047001278024,0.369943637852185,0.00738507131500709,0.00169014628651429
"-493_2230",0.000231694996161962,0.0405888352970687,0.0010282725582697,1.10434808604372e-05,0.0682785888137548,0.0589930850827472,8.30407892944478e-06,2.23052644160996e-07,0.151992244272842,0.000570655376942387,0.0108395847233288,0.000158158442668492,1.10980613951067e-08,2.44976180450379e-09,0.0119004196661581,0.0446899118411212,7.56686748267181e-05,1.27945587047152e-06,3.55484749071805e-07,0.0372714878624832,0.545713866423729,0.0276289580943117,1.73487727087918e-05
"-538_2290",0.00114052272262794,4.59361911152681e-05,0.00999296042339718,0.00997581116512475,0.211217872865475,0.00047310059539582,0.000413603383969738,0.00188719701604506,0.0250208909934614,0.00019880596889598,0.000194495103011521,0.000184126925024162,0.16592143391239,0.00641215286378911,0.0355697521236029,0.00330664490745153,5.7478938225244e-05,0.000367913351304891,3.62761899800937e-05,0.00438057050931511,0.510261006947288,0.000256937031254061,0.0126845098718552
"-603_2095",6.70342632775508e-05,0.221958696698617,0.186291453485949,0.00968551781543521,0.000167591096221907,0.0650387001426875,1.04195717158897e-05,1.62960438721016e-06,0.173497592628907,0.00317702764219407,4.58139377400249e-07,0.00179169899138455,0.00087553432520963,0.00706580028152447,0.00637877750685914,6.76545735805403e-09,5.83107049910187e-10,2.96531540978703e-05,1.4432421749876e-08,0.0953253416789528,0.206153535794906,0.00591979550101171,0.0165637198962978
"-613_2075",1.1631336427761e-07,0.305218234981188,0.055946868725653,0.0886421219795996,0.0173505792668523,0.0707962747025372,7.40548118364661e-05,1.87610995368948e-07,0.0792642828500514,0.0445210756469731,5.36134785611672e-05,0.0012938585345774,1.12880150136818e-05,7.42571111871171e-15,2.31182395475821e-07,3.28659491592764e-05,5.78464432496719e-10,1.6246213156069e-06,1.24284388388099e-06,0.0486167923681088,0.269037477689578,0.0191354625506001,1.74529928392995e-06
"-613_2085",0.00726549581652731,0.197845696059981,0.384326128844296,0.000422863041940658,0.0173229118378807,0.0403345818809782,0.000428766876961405,8.47179949013943e-05,0.080103530496464,0.0915208364449327,0.000460331192891313,0.00856783475582014,3.23357406009894e-06,2.12024580923136e-05,2.45470243738115e-07,4.91932358195205e-05,2.43264828678081e-05,0.00134502331082608,5.6306444930755e-06,0.0112422344576635,0.139029039075,0.00156317240077735,0.0180330036465821
"-818_2200",0.00598183233036348,0.0607258797128646,0.0135615406382735,8.16389635147189e-10,2.58957226976672e-07,0.0408806507999015,1.31841911242698e-05,0.000584576773050234,1.66205816257859e-06,0.71250526281179,0.089961992607653,0.00852804739349873,8.67848146712814e-11,5.57517734465741e-11,0.0455431066068428,6.38385826811136e-11,5.48512818496983e-05,2.18358996735172e-09,1.39457213810472e-06,8.4177172127824e-07,0.0215816278665763,7.29052404662288e-05,3.81180141526213e-07
"-818_2205",0.0117952931798772,0.00123693527411321,0.0243238844204738,0.00863908229756755,0.182816658936067,0.0360123160967389,0.0118132252304867,0.0117598553026266,0.0117582277009918,0.18524994595301,0.0267333082641958,0.383551455477903,1.14626257056016e-08,0.0123278120154201,1.64919974949706e-08,0.0144003254754078,0.0471650874735008,0.0111295296200395,0.00260268255786335,0.00290592655167122,0.0136371649587254,0.000141157513615572,9.7745081319601e-08
"-768_2230",1.93854054875166e-06,0.000486786026792401,0.0597125040878052,8.54742466080444e-11,7.7349466700401e-05,1.34404271732707e-07,1.73314044187525e-05,0.0016007418764226,0.0448091166142961,0.508282051753972,0.0911950400280239,0.256698683755104,0.00453862910555064,1.30070530061289e-09,0.0201351732004839,2.0450225386919e-14,0.00348581429089745,0.000692096400338947,3.16792405566349e-05,0.00184599705045243,0.000203686664217805,0.000225361054841153,0.00595988364810537
"-508_2390",0.0163225203560654,0.00139586373069634,0.0177285230343332,0.132564698713492,0.0974606715172254,0.16923537463282,0.00545992437356695,0.0217479437806948,0.234107796987131,0.00263612729332498,0.0051984919879451,0.00063098214369074,0.00115784252064977,0.005898606123126,0.0198838824179955,0.00178279867628675,0.00526452589196755,0.0148625287908092,2.8630775730198e-05,0.0189206759382318,0.220076238591155,0.000290354345959746,0.00734499737710331
"-488_2365",0.00214758601296134,0.0152164315659537,0.074466231569246,0.0096559120272885,0.000571741204337791,0.106176777521042,0.000410562272132327,0.00276363284318095,0.115304744026263,0.02751926366505,0.000615574575782994,2.91476734013942e-05,8.083904790596e-08,0.0137347234448221,0.0204108926849647,0.00135189667303706,0.00121223405691029,2.60727805235038e-07,1.43827045638585e-05,0.00742555694416147,0.599666366692157,0.0001189004449177,0.00118709983097225
"-818_2150",9.38656721291653e-05,0.0305520983842233,0.0523575771656781,2.51743908372319e-05,0.00022263774126425,0.00653886116842235,0.00159433549448462,0.000563568481421342,0.054735868948254,0.682097896362788,0.0883583760273186,0.00759130286139516,1.58906467582677e-05,0.000452200877851824,0.024441467579568,2.52091210218504e-05,0.00100302133975298,0.00823680888491247,0.000930661401139231,7.66337714769206e-06,0.0346883074262039,0.00342830297369491,0.00203890367373291
"-813_2165",0.000991825588064731,0.00272564457265776,0.0325501109965877,7.11112098306473e-07,0.00121151635411334,1.87087595105513e-05,0.000233049503165856,0.00920316495818242,0.000658261686256462,0.886767920844949,0.0142464372469832,0.0167054059013713,0.00011364382569215,0.00520176570355233,0.00729689142157407,4.65336043009439e-07,0.000247645424942083,0.0073291107358996,0.000286458823948384,4.3098800697132e-06,0.0136803659315479,0.000406938992766586,0.0001196464000235
"-728_2080",2.69203374879771e-06,0.0779576550631949,0.199645315397934,2.16104659374492e-11,2.81735410243075e-08,0.0474930115893359,1.55892887485815e-08,7.2158941984209e-10,9.15332181271184e-05,0.563460983310593,0.0109676689728228,0.0589464038714269,5.27755695359895e-11,5.61000956762608e-13,0.0288616008622485,1.04960192157127e-14,5.8469173611916e-12,7.59987096045771e-08,1.44619597669949e-07,3.7098335102907e-05,0.0123899092405166,0.000145862885100712,3.6317617041467e-11
"-778_2135",0.00322183450375314,0.000573477922915811,0.0721747553367943,0.0617159681502027,0.0483902364669384,0.0906619643830193,0.0114469870470635,0.00365833335863449,0.024823392086593,0.461820471375511,0.0816829078127388,0.00846963858287191,0.0017841286913468,0.00130717914792248,0.0284188994826737,3.17172862026382e-05,0.00236070996566103,0.00482278793889124,2.23931071713076e-05,0.0673350726014611,0.0225872610530935,7.06650879004682e-06,0.00268281718975021
"-558_2315",0.0233984607799523,0.00369916015638173,0.00901288476610834,0.0204239549221312,0.0853499656299082,0.03497043493101,0.00384508554477796,0.00539406393425313,0.128282622888904,0.00125743599694771,0.00193948929395792,0.00073618328844289,0.0230223104643111,0.0149212656899185,0.0169755516649667,0.00367380548487386,0.00395021921716518,0.000808360671326874,0.00187216407929946,0.115414922689688,0.47651970283564,0.00151690112878479,0.0230150539412497
"-503_2230",0.0109587576869016,0.109959551526537,0.000192181265676702,0.00684241493588815,0.0190015392671787,0.0577438413330267,0.000161648062380134,2.51817528916749e-07,0.219353806831298,0.00107070415877349,7.28175440202946e-05,0.000362645771056081,0.0629634747590014,0.01898087626216,0.00151730120692081,0.0509235597048756,3.70995738179813e-06,5.8667327037847e-05,3.41405528005871e-08,0.0183520598342041,0.41814089176681,0.00204370626872362,0.00129555857206607
"-788_2130",0.0112591136257295,0.00022382702749074,0.182003536567096,6.17173805120081e-07,4.72787160243642e-06,0.0190181025783594,5.2912603208579e-06,0.00387055182012013,0.0234328297139782,0.511531069092974,0.20043807984358,0.00951342747013885,9.28471916654601e-05,1.37251223490326e-06,0.0237050044002915,3.51989719032189e-08,0.00389315915855927,0.00055458517083546,4.72026515767739e-06,0.00289987733605508,0.00269509217796472,3.66413162676313e-05,0.00481549122680095
"-573_2335",0.159273156289843,2.25736737047211e-06,1.0061136594795e-07,0.0038717835964368,0.0846780106380343,0.0528104783155946,0.00191380299647706,0.0260483833677978,0.191322837806344,1.45089480241164e-07,0.000321506776005792,8.26443186983405e-06,0.0197153891070888,0.0578917660885974,0.0269889151021519,0.0692886080732755,0.000107637200725918,3.18093300888147e-05,0.000293856028955589,0.00206460791284913,0.218899696387491,0.0148128626842613,0.0696541247978953
"-588_2315",0.0191096535369528,7.53984676279445e-05,7.61821512906996e-07,0.0523681062964352,0.0576266669956679,0.116672623859039,0.017245619536558,0.0111979583506851,0.219731685475706,1.63346778113913e-07,3.30560360911778e-05,1.83618545451904e-06,0.0280544957800627,0.0222965316157325,0.0435273272543772,0.0150544366151718,0.000211363372977078,0.0169727367772177,0.000259250754188123,0.0206549702721736,0.258419420759861,0.0510609160334698,0.049425020856261
"-578_2320",0.0117999634848962,4.76925289597593e-05,1.77887549434475e-05,0.231696700492042,0.00320402138044169,0.231900275393813,0.0102610822238077,0.0649868258277392,0.216447055133537,1.93575344393503e-05,0.0106433452048953,2.96977741699336e-06,0.00602307173584726,0.0105854003200846,1.77324629846207e-07,0.0370368893017692,0.00308611633638204,0.00909672486933972,1.45670828706669e-06,8.5074312358551e-05,0.117880503641566,0.00138029724873459,0.0337972104640686
"-643_2125",0.00480459196149921,0.465696922558691,0.139785511270778,4.12116429374621e-05,0.000135995049523964,0.00297229151240933,0.000970314665019378,0.000343681198339422,0.017383813419077,0.308828221751953,0.0062968843820094,0.0180967018851986,4.30566198133068e-05,7.93898152775553e-09,3.30352777273116e-06,3.86120573973534e-08,0.00141164931390454,0.0160555162122728,0.000134986798949664,0.000175355195097262,0.000850891473829788,0.00584916932920667,0.0101198836806793
"-723_2240",0.000112352933944327,4.84096453273121e-05,0.0675772722663078,0.0145746844469918,7.94371625233162e-06,0.0239643767875946,0.0223395659188079,0.000236553716267765,0.0122270917756521,0.383034951487778,0.0540108704466297,0.260263270533288,4.9327327598187e-07,6.14572499466455e-09,0.00967705712554582,2.45435529998656e-09,0.0124249783232888,0.000497372132906235,0.000610073273574775,0.077863149722488,0.0598942244428562,0.00060775350621589,2.75459249269174e-05
"-703_2135",8.27117313085301e-06,0.167007305269007,0.342272507795176,0.00769112161188546,3.15620497289153e-05,0.015016472540122,0.000166208214998743,0.000363421202546598,7.39492084839631e-06,0.244071753709864,0.0022511854121226,0.0877682986119508,0.000203883554561767,2.1976523430304e-07,0.0268826963190651,1.96551820630363e-05,8.44118356840812e-09,0.0390636765475797,1.5620059735799e-06,2.77087692393598e-05,0.0496816446023836,0.000102929743105785,0.0173605125582292
"-618_2155",0.00505579526312401,0.0130736331276497,0.0514543965733563,1.69976409261176e-11,0.0999948360390071,0.0174136790476325,6.06461311404495e-05,7.48055933399785e-08,0.0518671117937447,0.22975172254363,0.0137615336978411,0.0228849499794137,0.0486275805103073,5.0845765828237e-13,0.0359590571374736,7.28783429134589e-13,0.00108451918166084,0.192881030861785,0.00229992192912718,0.00302764040487517,0.180784374357052,0.0289076769473332,0.00110981965001855
"-778_2110",3.90363656197938e-07,0.00767874212621198,0.0255302940529651,0.000141051777436428,6.67767369267489e-06,0.05382018478415,0.0006308253943905,8.92302961204741e-08,0.00265696907004621,0.800046383250281,0.000531969479419425,0.00538122524474878,2.28132517029459e-08,1.85451769656802e-10,9.31803803295856e-11,3.17848902779286e-15,1.56482512162693e-05,5.76043571908316e-05,7.95117436118694e-07,0.0645141013566716,0.0380991128446065,0.000887912528968271,4.72923038947326e-12
"-733_2170",4.25271938330318e-05,0.000598241955622377,0.300321618500543,5.07371614437296e-10,0.0105228127831055,0.00161007440304859,3.37252252797062e-08,0.0718003640303897,0.000830593838016888,0.437519390279129,3.88758177914232e-06,0.113645714669425,3.52394885428315e-06,0.00427752942437272,2.27367460854168e-19,6.74718091289676e-13,1.86655356960502e-09,7.68729317195119e-05,7.26154885336706e-09,1.48338957705275e-06,0.0586538987084358,9.14230005701819e-05,2.04287931761803e-13
"-588_2355",0.114954858208363,6.39546123803093e-06,1.63102620302883e-08,0.110167366047309,6.30133082750457e-07,0.119370522578318,0.000292600068040654,2.2888609811143e-07,0.195512377150746,6.25371301270709e-08,0.000102222171082769,2.70879269278394e-07,0.0847903509537061,6.53319562717859e-07,0.00131867372252872,0.0289434149794824,0.00250259734165515,3.08656424839594e-07,3.45144457928062e-08,1.5016144808778e-07,0.233377787222909,1.38057544457719e-05,0.108644672942452
"-558_2200",0.000510249661835016,0.000557475809135556,0.000197792702774319,0.00343191114692174,0.221487048635794,0.0181044139149405,0.00032637050803037,8.5923221124876e-05,0.238828076635359,4.24665941207945e-09,1.32361606366611e-07,1.05824811624753e-07,0.0323230106410546,1.00254730944329e-10,7.92228319074783e-05,0.023721168230598,4.44255568071459e-08,0.000333641217520087,5.79907916491019e-06,0.00817430701410911,0.445995848348342,0.00579069289368336,4.6760548815435e-05
"-533_2485",0.013923040328167,0.000242020049037645,0.00296980319247003,0.122222483173581,0.267854413373693,0.216940297532738,0.00103405095504191,0.000877497914183408,0.00132972828127466,0.00843423106008406,0.0105319350936596,0.00369527118431863,0.0558076246707533,4.77075780750657e-08,0.0807219614694581,2.10958425216291e-09,0.00553951738705634,1.17058393652458e-06,1.35763440512864e-07,0.0683227796603787,0.103153888087177,1.2252192335845e-05,0.0363858482300518
"-533_2320",0.00146242472538239,4.78842253673091e-05,2.12129041287235e-05,0.0174861651224955,0.13674641050681,0.005100265119813,0.00132478462149038,7.12956942210074e-06,0.0462074219771119,2.72326297429749e-05,0.00100058659666958,9.6751320774387e-06,0.246035480974904,0.000383467994099183,0.0285387600970635,0.0101513789990811,4.85165695011336e-05,0.000196029186245497,3.92999400195868e-06,4.3372080889308e-06,0.503564731147788,0.000701172309273059,0.000931002389442407
"-778_2255",0.00295699614488065,0.178640284698894,0.00260054803517587,0.0897324249248542,0.144787990048647,0.137329591204363,0.210457606352066,0.0455486452562017,0.0553867368763148,0.0115251809221179,0.0312948526881251,0.00772112471432133,0.0056838842047626,0.00188445866213319,0.00438218755776202,0.00307344832786739,0.00565545859417072,0.00776049279956606,7.19733466099328e-05,0.0212566636889273,0.0237679842619982,0.000749729677408637,0.00773173701283161
"-493_2470",0.000154152702930823,0.0657103139169411,1.71892827449377e-05,0.0997439264163694,1.22435210010738e-05,0.124063556888168,0.00482642930448778,1.37310622719622e-08,0.13369667430034,0.000678844693476718,0.00287099679063897,0.000115174428094927,6.89468930180906e-08,0.0100154783134072,0.0508265613370887,1.52656178640874e-12,6.7762104082763e-07,0.00352657551914456,3.34655309505227e-07,0.000409459802346453,0.487758983280505,7.71363321896592e-06,0.015564630913264
"-583_2295",0.189253970264394,0.000114099744081071,0.000906313826771277,0.228971145103297,0.000836622214117488,0.281601075431032,0.00543479870960788,0.030379935414671,0.109495828317337,0.000367482554661349,0.00661346074889253,6.85721459336726e-05,0.000972469181838161,0.0108013142824984,0.000151861380124898,0.0122163729167673,1.12079015164215e-05,0.000585690039676578,8.10338808056575e-07,0.00899163606707585,0.0706961881495401,4.41930173413224e-05,0.0414849522500165
"-608_2175",2.4378700237888e-05,9.96461111447747e-05,0.337584780519038,0.0412940910898726,0.0227538883136624,1.69491983557051e-07,0.000202433036348893,0.00657195508760099,9.12324423712564e-05,0.0145784536462794,3.33238449426067e-05,0.00106815198876848,2.68584626651859e-05,0.0092068944088809,0.0799476874068907,0.00189570322618026,0.00367529835260495,0.00475032965208511,3.3609447617956e-07,0.0114422871099324,0.382657763203788,0.0820531177423885,4.12200678567204e-05
"-483_2420",2.56139785900548e-06,0.00147635464313712,0.135042679013768,0.0664804371392676,0.000938513166427834,0.157242119037341,4.42014570043079e-05,0.00392875284883287,0.0926517353824317,0.00127149259107864,0.000112194389094851,4.16421624866149e-05,0.0395299614483256,9.56112716913536e-08,0.0537390923174738,0.0199537499161246,0.00561692896086338,4.30575144246121e-07,3.08652623251072e-09,0.105050136853934,0.308008122847845,0.00876783363246048,0.000100961521301149
"-638_2075",1.84564365061491e-06,0.0871649795475561,0.0968643880459287,1.13519093570499e-05,0.000118210240100798,0.0789410435758861,3.0345378852527e-05,0.00131533845609454,0.00956193442228372,0.446836037767432,0.00206957430165671,0.00466548941836427,0.000223205060940818,8.03538572299052e-09,0.0168645986433294,0.000244082450560132,9.19635472978357e-06,8.62989922178374e-09,1.72781536457656e-05,0.0976893495683112,0.156858535845963,0.000508195739674713,5.00281039639806e-06
"-493_2245",0.000268590316724735,0.173248265513285,0.0615111699544193,4.81037849827375e-07,0.0236366063591966,0.0373460352965009,2.11019349504459e-06,1.94197840886323e-05,0.082640299113568,0.00233722609414562,0.00100416979392995,0.00206479929114049,0.0654513154182348,0.0182467599788865,0.0121577473746723,0.0410784118943206,6.60476652612464e-06,0.000909365582251827,4.20571676291959e-06,0.00129272435783651,0.4749606202461,0.00129362274020869,0.000519449175855413
